"iso3"	"milex_usd_1983"	"milex_usd_1984"	"milex_usd_1985"	"milex_usd_1986"	"milex_usd_1987"	"milex_usd_1988"	"milex_usd_1989"	"milex_usd_1990"	"milex_usd_1991"	"milex_usd_1992"	"milex_usd_1993"	"milex_usd_1994"	"milex_usd_1995"	"milex_usd_1996"	"milex_usd_1997"	"milex_usd_1998"	"milex_usd_1999"	"milex_usd_2000"	"milex_usd_2001"	"milex_usd_2002"	"milex_usd_2003"	"milex_usd_2004"	"milex_usd_2005"	"milex_usd_2006"	"milex_usd_2007"	"milex_usd_2008"	"milex_usd_2009"	"milex_usd_2010"	"milex_usd_2011"	"milex_usd_2012"	"milex_usd_2013"	"milex_usd_2014"	"milex_usd_2015"	"milex_usd_2016"	"milex_usd_2017"	"milex_usd_2018"	"milex_usd_2019"	"milex_usd_2020"	"milex_usd_2021"	"country_name"	"gdp_2015"	"gdp_2020"	"population_2015"	"population_2020"	"gdppc_2020"	"high_income_2020"
"ABW"																																								"Aruba"	2963128491.62	2496648044.69	104339	106766	23384.2987907199	1
"AFG"																						125.1115575	122.7271931	131.3462313	219.5802143	240.5325946	251.8695148	298.1468525	325.8070037	238.5833854	217.1941071	268.2270742	199.5186148	185.8783101	191.4071132	198.0747286	225.8356439	279.5769549	278.250788	"Afghanistan"	19134211763.86	20116137325.82	34413603	38928341	516.747870807544	0
"AGO"	778.6282506	1066.247744	1146.46701	1156.494418	1487.39889	1469.38298	1948.559396	1751.153152	1031.247788	794.1388212	1774.397877	594.9911787	233.8437149	159.7419335	456.780475	170.2782926	1066.588789	583.6213336	404.29914	438.6862454	670.0211644	817.5335822	1365.055399	1970.309115	2032.432883	3163.591147	3311.193245	3500.794836	3639.496374	4144.634851	6090.751702	6846.249313	3608.299115	2764.054937	3062.872914	1983.613748	1470.938717	993.5944046	981.4510119	"Angola"	87219290028.73	53619071176.14	27884380	32866268	1631.43169087954	0
"ALB"	0	0	0	0	0	0	0	0	0	31.55965748	39.28984343	49.64950493	50.90752178	45.71335611	29.825492	33.63804744	42.78420521	45.36250339	53.23204516	58.6493525	76.14288176	100.9223584	110.1408527	140.9839007	194.8403092	255.6779578	182.7368625	185.893242	197.0067892	183.2046957	180.0155088	178.120368	132.3506676	130.8531626	144.3826887	175.8866886	200.1110363	187.4332339	236.4217561	"Albania"	11386850129.84	15131866270.59	2880703	2837849	5332.16047456718	0
"AND"																																								"Andorra"	2789881258.5	2891001149.36	77993	77265	37416.6977203132	1
"ARE"															3335.766741	4010.347175	4233.08373	5875.833901	5797.957794	5354.118448	5834.717495	6816.882233	6604.220558	7165.418652	8460.993873	11571.68142	13836.35126	17504.69707	19181.7563	19024.09803	23561.06195	22755.07148								"United Arab Emirates"	358134944420.5	358868765174.92	9262896	9890400	36284.5552429548	1
"ARG"	2848.053181	2527.749815	2027.221261	2449.545721	2485.659656	2696.341658	1440.92219	2050.907629	2858.778842	3254.455192	3368.550452	3754.724687	3801.950488	3379.13877	3340.670335	3398.69935	3461.730865	3266.633317	3183.591796	1114.172483	1374.873734	1465.809188	1699.579152	1847.55313	2296.448242	2788.980205	2981.85229	3475.348407	4051.930105	4563.217859	5137.974301	4979.442724	5482.616701	4509.64766	5459.643672	3842.852365	3132.654926	2830.929705	2591.642985	"Argentina"	594749285413.21	389591035520.68	43131966	45376763	8585.69474249805	0
"ARM"										0	9.829763866		52.22858382	52.41026855	64.06212119	66.75757306	68.23414857	68.05214207	66.24762646	64.10640565	76.58799889	98.0704882	140.7381027	188.1891164	280.1086883	395.9943654	359.4993435	395.0115078	390.8714339	380.5716789	444.5518595	457.8070218	447.3798075	431.3962186	443.6104133	513.2520265	652.0001748	633.9604001	619.4354717	"Armenia"	10553337672.99	12641209802.11	2925559	2963234	4266.01807420879	0
"ASM"																																								"American Samoa"	6.73e+08	7.09e+08	55806	55197	12844.9009909959	1
"ATG"																																								"Antigua and Barbuda"	1336692592.59	1370281481.48	93571	97928	13992.7444804346	1
"AUS"	4511.671066	4925.319433	4386.859326	4606.710028	5057.135655	5836.347868	6300.015815	6704.213698	7023.509067	6882.09158	6733.82929	7459.696582	7665.878446	8202.776517	7936.884917	7107.542891	7770.250653	7273.760313	7043.145895	7946.766202	9926.649415	11995.21971	13237.7985	14239.77951	17186.44096	18633.09232	18960.13851	23217.69282	26597.19866	26216.58085	24825.26259	25783.70871	24046.20586	26382.94705	27691.11242	26839.82091	26079.34631	27300.8947	31753.71622	"Australia"	1350534154255.76	1327836171068.51	23815995	25693267	51680.3165229439	1
"AUT"	991.9950975	949.7152917	1036.872489	1475.426089	1737.112605	1713.954577	1623.488055	1972.701682	1994.055546	2139.925322	2115.115267	2227.56055	2557.834494	2457.903049	2164.802343	2159.796003	2124.379546	1925.557398	1788.798311	1881.746741	2381.962769	2679.282065	2686.166244	2640.185362	3499.817967	3746.731607	3334.75494	3218.351224	3409.721209	3187.227449	3229.065841	3305.159256	2665.409782	2885.947386	3153.118624	3387.982012	3237.796686	3601.618603	3825.331126	"Austria"	381971148530.54	433258467676.52	8642699	8916864	48588.6593847927	1
"AZE"										11.0701107	77.51937984	43.94274706	66.15996891	71.60684124	92.08669197	107.2628586	120.262174	119.5756517	131.9636601	139.8940919	176.5521623	228.2496316	304.5214777	717.1118536	946.5997921	1607.799226	1472.909977	1476.608734	3080.084996	3246.122613	3367.574161	3427.179917	2900.551382	1396.969108	1528.859592	1672.176471	1854.235294	2237.764706	2703.176471	"Azerbaijan"	53074370486.04	4.2693e+10	9649341	10093121	4229.91064904503	0
"BDI"	34.3696442	29.93843404	32.22029812	34.60773752	30.78485643	34.25549343	37.90328172	39.60234738	42.75175883	38.98647643	36.26740259	41.90974503	42.10892988	50.89398078	61.87012383	58.73603623	50.57118826	42.32155222	53.23037311	44.91006705	43.41320131	44.87237715	49.55712938	44.71750204	46.30870622	43.85631995				58.96666228	60.85950009	62.17729474	66.16458444	66.46284308	63.90867843	65.43659526	84.68941392	67.47409272	68.37639714	"Burundi"	3104003611.43	2780510624.64	10160034	11890781	233.837510306514	0
"BEL"	2671.831608	2407.447484	2428.223977	3404.311038	4162.992929	4097.149308	3880.733006	4644.324241	4624.500746	4131.298112	3746.042851	3944.101813	4449.014835	4241.865968	3684.095389	3664.288413	3598.44752	3190.805233	3036.035472	3147.146017	3875.697772	4262.663513	4228.224643	4307.895341	5163.979974	6295.821584	5620.670063	5244.720513	5499.370964	5168.997834	5263.164883	5191.507315	4202.06277	4255.489555	4432.808396	4840.126058	4761.195701	5442.835974	6311.494797	"Belgium"	462335574841.48	521676942134.63	11274196	11544241	45189.3669003125	1
"BEN"	17.76595131	21.2377877	19.81022252	26.27733854	35.60293741	36.93158927	28.52593038	32.81729198									17.84313439	14.49627516	13.11253562	26.00044764	34.5440468	41.78047834	44.70602956	46.78613093		64.72460111				78.22309104	86.00315764	92.99070619	90.89608589	79.58156805	116.1427824	90.21242599	68.11239031	71.81781848	97.42448881	"Benin"	11388160958.25	15651545331.54	10575962	12123198	1291.04097215438	0
"BFA"	29.31775598	26.96832869	27.10661684	51.18017014	50.71255785	57.18688727	66.81650617	84.46550236	69.50554222	71.11661856	60.52697563	30.25909349	36.86281424	37.14187414	38.54924623	39.49473856	41.74117548	36.65853905	36.83296523	42.46844996	50.75705437	65.68424241	73.84334216	72.63286733	107.8167285	116.9995869	127.3332966	123.7004747	138.8508602	147.7296989	166.1363452	177.1669718	147.9347367	149.4673632	191.0658388	305.7810791	357.9215575	382.4646774	458.2790984	"Burkina Faso"	11832159275.6	17933606353.18	18110616	20903278	857.932729650345	0
"BGD"	231.8044925	244.3375715	224.9480071	248.7964172	288.3118397	331.9955866	378.7961352	373.023439	381.7201101	427.723625	471.0446723	547.4175222	620.0951559	638.9588448	681.915124	701.5856004	737.4125736	740.79816	705.4816952	681.8161617	719.4429569	770.6411603	773.6776682	829.6827948	953.4642236	1030.020018	1258.791157	1624.625086	1801.539802	1823.425076	2047.989071	2355.991525	2815.281641	3239.75351	3266.033239	3649.623808	4348.501895	4558.171468	4882.596685	"Bangladesh"	195078678697.23	373902134700.41	156256287	164689383	2270.34753479166	0
"BGR"							2071.428571	794.5205479	232.1763866	255.7709115	282.6742433	241.9934348	311.1471056	213.6163563	244.3693962	320.3890113	357.2245396	351.3432049	406.0035428	455.9504665	569.0540775	620.9090159	667.6703957	715.7195354	990.1682936	1161.451478	904.9612921	832.549293	757.93126	722.052495	811.6343302	747.5325321	632.509635	670.5928584	720.0379709	961.2972746	2158.557527	1074.134515	1216.592091	"Bulgaria"	50781996712.76	69889347433.43	7177991	6934015	10079.20338122	0
"BHR"	183.5106383	164.893617	167.5531915	178.1914894	178.1914894	207.4468085	218.0851064	239.3617021	263.2978723	279.2553191	279.2553191	284.5744681	303.1914894	321.8085106	321.8085106	329.787234	364.3617021	359.0425532	372.3404255	444.1489362	515.9574468	531.9148936	513.2978723	574.2021277	642.5531915	719.9468085	828.1914894	842.8191489	1033.510638	1182.180851	1347.606383	1475.265957	1442.021277	1505.534574	1532.712766	1527.659574	1557.712766	1404.787234	1381.382979	"Bahrain"	31050638297.87	34723357446.81	1371853	1701583	20406.5023256638	1
"BHS"																																								"Bahamas, The"	11861900000	9699500000	374200	393248	24665.0968345675	1
"BIH"																				241.0255176	202.2828389	200.1003073	173.3048477	178.3755701	195.0496851	233.2923907	242.4713578	219.9154895	211.8782606	197.3446502	197.6171888	190.3804546	162.2156819	157.9120106	156.2583021	172.0733178	165.3692044	167.5218659	192.2007255	"Bosnia and Herzegovina"	16219819343.52	19955120004.66	3429362	3280815	6082.36673041912	0
"BLR"										0	0	0	179.0816769	182.8056146	249.3841394	227.5860873	165.9038489	140.3262047	177.6978417	204.3642374	231.5638604	314.3140178	452.6840683	631.8312381	746.943264	883.0275229	675.4265051	767.6992859	756.2773513	807.4232628	959.8016903	1000.013449	709.9088461	592.1823314	625.6378169	709.7133164	773.7130287	707.4180328	762.7762241	"Belarus"	56454734396.58	61489588894.82	9461076	9379952	6555.42681826304	0
"BLZ"	2.89975	3.256125	3.263				4.355375	4.76875	4.732875	5.292125	6.130375	7.899375	8.052875	7.965875	9.395			7.116125	7.4546625	7.8299375	8.552225	9.48615	10.7109625	12.2830375	13.759075	18.7177375	17.2675375	15.33725	15.41625	15.219125	17.778875	19.916875	19.717625	21.7128875	23.05595	23.3411625	24.42495	26.6992	21.81705	"Belize"	1734320479.14	1585631670.35	360926	397621	3987.79659613049	0
"BMU"																																								"Bermuda"	6654541000	6881662000	65237	63893	107706.039785266	1
"BOL"	89.9734826	144.6807857	131.2080002	92.86920722	103.3623872	92.91695167	101.6908724	137.0651275	143.6439601	141.4419103	109.897118	134.5952404	140.7608628	146.9630178	180.2004469	228.6770004	176.7442421	173.2454225	188.9194786	157.3455362	173.4064745	166.3831418	163.9588662	167.9099859	195.3641809	327.1127351	305.420457	335.5995327	403.5692024	499.8732296	564.5121076	625.9096546	580.6717143	519.3099343	574.1261134	602.855918	593.1585686	510.4958273	625.3367645	"Bolivia"	33000198248.91	36629843806.08	10869732	11673029	3137.98961744034	0
"BRA"	2082.669251	2013.151758	2687.049984	2758.186568	4323.67477	5874.167753	8761.486966	9236.296955	6694.665295	4993.804467	7099.899155	10591.49912	14318.91961	14073.22654	13934.26655	14357.35705	9866.973919	11344.03253	10930.23157	9664.561903	8392.905884	9780.111585	13588.61974	16404.86731	20485.75801	24452.90304	25648.80991	34002.94447	36936.2099	33987.00507	32874.78723	32660.23937	24617.70168	24224.7469	29261.8331	28177.40687	25906.8712	19591.209	19187.12248	"Brazil"	1802211999538.68	1448565936739.56	204471759	212559409	6814.87563196772	0
"BRB"																																								"Barbados"	4724691212.51	4689534961.76	285327	287371	16318.7481052716	1
"BRN"		97.36624974	101.7521533	110.1624859	104.4644299	178.3921845	186.1290289	231.1685876	245.4342855	251.6927875	233.9412919	261.8760802	285.7384752	328.3594792	369.0707902	293.9770554	258.4131779	244.205202	217.6679392	226.1824315	243.373245	199.3811493	248.5880798	293.4364635	323.1371508	361.9890345	349.7597228	390.71954	415.371529	411.2614739	412.0942798	527.7851805	424.0220392	403.3664887	346.7068044	357.7087675	414.728739	436.5482234	453.3377986	"Brunei Darussalam"	12930394937.81	12005825769.51	414914	437483	27442.953827943	1
"BTN"																																								"Bhutan"	2003598212.99	2315436303.3	727885	771612	3000.77798595667	0
"BWA"	24.45461424	26.10966057	20.99791335	34.31090818	73.82634281	93.74709476	102.7984158	156.2508398	172.2691882	177.9860456	185.6714829	170.4337623	165.8739778	140.5601348	160.5076751	181.0510474	169.5787562	184.7183946	210.3220936	223.5492588	301.0143578	314.0388971	283.8357451	272.9342748	306.4514027	332.4002543	330.1472787	348.6727253	363.3244812	326.8741617	306.4385736	346.2813217	383.7398775	514.4634492	522.4304555	498.0874324	514.7209302	499.0274795	517.8465684	"Botswana"	13578754072.47	14930072799.01	2120716	2351625	6348.83231765694	0
"CAF"									21.59818792	23.18543817	19.14445037	10.68974523	13.01417616	12.19621857						10.68196296	15.01892636	15.10358992	15.39619465		19.11251974	31.51148379	35.99238436	51.5852745	49.87432873	42.74602519	47.92324145	38.40700992	26.70388562	26.83299882	27.51626418	30.51764841	40.77766666	44.34809808	43.19741259	"Central African Republic"	1695825708.46	2326720920.59	4493171	4829764	481.746296628572	0
"CAN"	6947.104072	7349.795764	7460.563318	7780.13674	8694.447168	9897.335684	10747.13469	11414.63185	11338.5033	10788.80312	10268.82262	9577.37764	9176.903908	8615.884471	7945.140183	7748.607984	8210.77854	8299.385231	8375.571425	8495.399281	9958.245602	11336.48983	12988.13296	14809.8928	17417.13993	19342.0584	18936.22605	19315.68883	21393.72086	20452.10711	18515.73121	17853.64048	17937.64189	17782.77554	22269.69632	22729.32758	22394.87566	23281.31991	26449.16268	"Canada"	1556508816217.14	1645423407568.36	35702908	38037204	43258.2638715601	1
"CHE"	1946.035043	1807.905757	1966.928897	2565.428146	3020.406521	3276.156632	3082.038963	4056.408189	4016.764413	4138.043834	3611.212626	3899.275421	4645.360982	4239.447901	3498.218851	3494.250971	3146.822887	2800.146846	2763.655325	2882.696762	3270.337504	3503.819863	3484.636759	3328.973394	3524.746536	4098.459038	4055.544323	4115.407849	4973.863849	4592.165378	5032.883664	4612.776477	4521.076909	4571.348247	4628.401509	4736.844967	5021.93159	6389.669862	5738.402626	"Switzerland"	702149580770.9	752248045730.11	8282396	8636561	87100.4148213751	1
"CHL"	1497.684301	1462.262953	1137.635211	1114.393822	1166.78137	999.9510228	988.9344232	1031.475584	1038.039494	1168.858391	1291.053676	1466.048832	1827.997369	1904.105834	2120.702608	2112.373123	2043.134812	2103.46061	1893.098224	1779.553138	2067.983998	2687.320866	3100.391591	3855.358069	4022.478104	4641.877576	3902.221588	4894.081125	5686.75207	5466.101782	5529.879481	5102.777422	4630.772774	4796.010962	5370.018135	5545.831933	5182.156529	5286.204683	6230.436399	"Chile"	242496649874.24	252727193710.02	17969356	19116209	13220.570758042	1
"CHN"							11251.33263	9926.349251	9802.375366	12244.26784	12360.22586	9867.120066	12385.12947	14275.40082	15699.58677	17031.7802	20473.91509	22237.14015	26561.463	30284.12741	33144.00048	37904.57183	42789.95365	51453.37323	62136.59075	78840.80282	96601.66675	105522.6481	125286.3732	145127.6096	164070.4693	182109.326	196538.8272	198538.3614	210443.0347	232530.596	240332.5555	257973.4298	293351.8664	"China"	11061553079871.5	14687673892882	1379860000	1411100000	10408.6697561349	0
"CIV"	76.25188288	70.16479882	69.56504319	96.55911246	122.7802234	128.1022535	129.6769987	143.9737021	144.1687019	156.7973343	148.6352384	84.07164921		102.6601401	93.52561126						213.0075705	250.8115884	249.8729781	267.3602479	323.6191935	368.9105749	420.0590445	387.69214	357.330259	407.5965341	430.0036108	521.2605293	569.6716215	602.5387312	501.5787322	607.8482179	535.9513822	607.15589	637.6569128	"Cote dIvoire"	45814637971.47	61348579465.1	23226148	26378275	2325.72370502241	0
"CMR"	129.8987577	127.2436418	116.1902939	145.4118612	163.1280009	154.3706857	146.8693575	180.5777459	178.1983432	183.7966391	168.1752206	94.51734044	113.5755327	116.9363036	118.7111188	137.2459115	144.7046365	123.0343439	124.3017084	145.6266105	188.4996559	221.1079247	223.0846231	256.9278433	296.6989173	346.5861257	343.265154	354.0543978	347.4778857	354.4474631	392.8406309	401.5291181	353.8154946	387.4378309	408.1575751	429.8921806	422.294772	393.2993901	443.336832	"Cameroon"	32210232911.66	40804449726.02	23298376	26545864	1537.1302183278	0
"COD"	78.91979979	53.40354141	40.37134417	67.43631294	28.29722767	214.9399291	67.4947491	45.93381355	43.89198721	85.52729436	469.1738055			89.26987998	83.82504092	26.62966719	149.2778603	132.8838217			78.70803188	137.6378055	165.2050609	205.1020866	205.217223	159.9984266	122.378011	183.6820975	238.7875466	332.4939794	374.4756534	341.2246344	491.2768771	395.7337452	295.2360743	295.3483646	352.7095656	362.0916155	306.0787826	"Congo, Dem. Rep."	37917704900.08	48716960860.07	76244532	89561404	543.950392515843	0
"COG"																																								"Congo, Rep."	11890259176.68	10483151093.69	4856093	5518092	1899.77823742156	0
"COL"	859.8136056	889.7308986	716.735061	679.4982009	721.3312064	862.3744042	865.2056628	889.9790745	911.4675892	1102.357227	1529.432893	2005.122888	2619.338187	4318.552316	2988.711261	3389.806738	3247.296766	3027.922793	3264.438192	3347.522602	3278.369503	4056.896991	4914.190182	5326.664238	6775.762767	9051.130502	9033.202673	10422.05449	10306.57851	11706.27191	12503.81263	11845.9509	9127.165375	8675.980823	10018.02982	10134.71959	10167.54786	9554.131505	10180.13429	"Colombia"	293481748240.78	270299982887.01	47520667	50882884	5312.19855554984	0
"COM"																																								"Comoros"	966029542.04	1223876064.52	777435	869595	1407.40927043049	0
"CPV"		3.687650142	3.394021938	4.45443191	4.967860701	5.078572172				3.55790266	2.735413408	3.431398887	6.206630034	4.261939788	4.099737381	4.513154879	5.004734208	6.801072798	4.638556172	4.520858938	5.782831643	6.452150492	7.082416548	6.985154839	7.943659594	10.75871597	8.402927293	8.239369292	9.757536562	9.736385839	9.815671635	10.04886207	8.922219455	10.1712165	9.354384166	10.71407113	9.72806109	11.2792681	11.21372343	"Cabo Verde"	1596800287.16	1703698676.7	524740	555988	3064.27238843284	0
"CRI"	0	0	0	0	0	0	0	0	0	0	0	0	0	0	0	0	0	0	0	0	0	0	0	0	0	0	0	0	0	0	0	0	0	0	0	0	0	0	0	"Costa Rica"	56441917652.98	62158002233.03	4847805	5094114	12201.926033267	0
"CUB"	0	0	0	0	0	0	0	0	0		0										296.9339623	62.04761905	78.55714286	76.58744395	83.36563877	89.05726872	92.46255507	94.27753304	93.74449339	126.8722467	119.3832599	125.6387665	118.3700441	123.6589474	122.552919	128.609127				"Cuba"	8.7133e+10	1.07352e+11	11324777	11326616	9477.85287326771	0
"CUW"																																								"Curacao"	3042737430.17	2496174735.65	157980	154947	16109.8616665699	1
"CYM"																																								"Cayman Islands"	4708336756.09	5608989195.53	61721	65720	85346.761952678	1
"CYP"			30.73733291	48.72924432	199.5007311	243.8158644	244.9956633	411.4090633	418.3873687	630.127106	268.2772716	298.4691269	298.8333855	448.0759093	534.1411887	483.7486451	289.970367	281.1603743	327.6271603	242.483491	288.4276058	338.4745663	380.8750288	387.703672	405.1763685	453.8030542	471.3527811	477.5874286	479.7353184	414.4963214	384.925361	357.8068226	327.89176	295.35501	359.061651	450.4089799	463.6139722	483.4150234	517.5023652	"Cyprus"	19842404304.89	24692095945.17	1160987	1207361	20451.2949690855	1
"CZE"											815.5854669	938.2527766	1065.352459	1123.923831	988.3243318	1166.099773	1205.93187	1157.294085	1182.519922	1494.390397	1885.706689	2042.085931	2439.538514	2449.96371	2707.677752	2918.695853	2718.559513	2497.902955	2474.313259	2220.610395	2148.784401	2022.883295	1779.887189	1954.935	2077.722061	2710.017583	2910.252497	3252.505062	3935.630965	"Czechia"	188033050459.88	245339322066.76	10546059	10697858	22933.4995909237	1
"DEU"	20828.2129	18943.60998	18752.46333	26065.36727	32131.49692	33036.66727	31631.60514	39834.66688	37196.72973	39502.45227	35030.53759	34197.70564	38742.6991	36701.18977	31267.7104	31200.76808	30690.15843	26497.59316	25815.40196	27611.35567	32997.36302	35776.57389	30324.96518	35883.65797	40110.85928	45098.95631	44528.92784	43025.91501	45163.21288	43798.22535	44242.6473	44662.83117	38170.02107	39855.04731	42210.25809	46423.0209	49007.51232	53210.98826	56017.02933	"Germany"	3357585719351.56	3846413928653.71	81686611	83160871	46252.6893044892	1
"DJI"	30.90236944	31.13306812	31.39190079	30.6041492	30.81796749	31.05991976	31.08805375	31.11618773	31.77452299	33.62573922	31.06554656	30.71105834	29.60820612	24.52720838	26.55285532	26.70477884	26.77905256	26.02506175	26.04813162	33.25099454	41.76377581	37.35574299	44.84726059	49.51581411	34.51871191	36.27483528														"Djibouti"	2424391785.44	3181071153.66	913998	988002	3219.70112779124	0
"DMA"																																								"Dominica"	540737037.04	504214814.81	71175	71991	7003.85902140545	0
"DNK"	1374.960497	1259.583261	1259.29561	1647.882398	2141.274092	2320.42344	2183.66716	2649.889473	2671.946671	2837.745377	2682.011246	2718.790042	3117.966146	3086.224945	2804.317083	2846.065338	2784.881254	2392.510831	2525.225825	2694.082493	3199.158428	3578.83246	3468.45292	3896.730668	4175.652589	4788.030121	4337.35569	4503.492127	4518.590127	4422.458084	4216.647585	4056.861511	3364.047774	3592.727944	3764.033344	4558.690187	4556.755136	4980.428135	5391.221374	"Denmark"	302673070846.86	356084867685.64	5683483	5831404	61063.316430424	1
"DOM"	126	139	61.0420194	82.29092424	59.32750029	47.29636876	53.51735016	47.79890444	33.89429895	63.12724084	95.99394121	100.9566797	84.44996838	107.0012922	150.6641898	159.0530963	175.0004678	246.8108437	305.900328	271.6633172	155.8024956	152.8784668	272.2004811	259.2403251	274.7756808	333.5388816	320.8552892	354.8567814	348.5598301	396.1871786	383.3802541	437.5724658	458.0071575	479.7221728	533.0731578	593.6787221	613.2990233	599.0525254	581.6194247	"Dominican Republic"	71164825256.68	78844702329.08	10281675	10847904	7268.19690965923	0
"DZA"	952.4306716	929.2908213	953.2996539	1127.103217	1196.971384	1028.611425	854.3009453	904.2691552	565.0980626	1053.301643	1276.911083	1334.911648	1234.655192	1452.431008	1752.395278	1910.962052	1826.49657	1881.163649	2091.627274	2100.602521	2206.395762	2802.224794	2924.820167	3093.978245	3945.815125	5172.336907	5280.588156	5671.309117	8652.23704	9326.287144	10161.58824	9724.379972	10412.714	10217.0817	10073.36402	9583.724288	10303.60058	9708.27744	9112.461105	"Algeria"	165979279263.17	145009181490.62	39728020	43851043	3306.85820838104	0
"ECU"	200	193	284	207	207	198	189	202	209	211	276	291	475	419	499	549	296	266	384	505	739	710	954	950	1310	1646	1949	2094	2453.7	2589.776	2735.825	2786.519	2597.51	2513.2	2462.7	2549.4	2346	2356.3	2417	"Ecuador"	99290381000	99291124000	16212022	17643060	5627.77227986528	0
"EGY"	3004.281422	3742.137511	4203.565423	4727.136104	4805.70742	4453.565066	3516.344801	2260.645161	1345.757343	1415.819974	1526.165392	1714.409786	1948.876986	2115.742979	2267.650314	2372.048406	2447.978794	2627.698334	2834.25623	2902.768425	2383.914898	2369.743586	2659.439714	2952.520159	3306.908257	3779.88035	4017.404478	4407.286453	4463.974191	4557.748767	4359.834244	5085.121576	5475.490833	4513.022527	2765.588434	3119.587364	3743.671452	4505.374644	5165.445627	"Egypt, Arab Rep."	329366576819.41	365252651278.85	92442549	102334403	3569.20684121106	0
"ESP"	4770.965313	4851.949869	5077.574145	6270.618789	7921.508651	8900.414227	9302.930296	11695.03864	11680.26375	12250.19543	10041.51135	10092.67126	11439.90627	11294.31685	9865.892241	10333.41723	11113.72249	10273.77925	10222.07408	10270.83902	12880.5328	15262.45864	15997.72422	17252.21761	20065.66863	22227.72183	20178.27498	19710.78545	19695.43549	18860.62336	17242.95932	17178.54931	15187.16868	14014.43964	16043.53326	17823.27113	17189.3193	17431.77932	19544.46547	"Spain"	1195599995808.59	1281484640043.58	46444832	47363419	27056.4217512165	1
"EST"										0	13.14655988	25.13573538	36.34348758	41.43660771	53.03165218	59.91984748	73.80054132	78.31330856	93.8185399	122.0695307	171.4119239	204.9681802	204.517021	236.3244492	371.9745474	429.6626989	353.3665766	332.180157	389.2375809	436.8529116	479.3144608	512.1190451	463.5688145	497.6534043	537.4402269	614.9451743	637.0353784	718.1123903	763.9545885	"Estonia"	22890762090.15	30650285471.72	1315407	1329479	23054.3584905967	1
"ETH"	408.4057971	423.0193237	429.4444444	439.2028986	476.6183575	614.8550725	781.5217391	785.0483092	529.0338164	255.3434434	163.85	148.6916743	122.4601475	126.4547332	225.4171051	458.5499254	703.7048695	617.5416136	349.8082765	288.9323335	278.6731599	311.038749	342.0666387	345.687017	360.1403086	388.1875967	339.627768	303.6170331	332.4417724	366.5390177	345.0641658	414.4760258	442.5326245	490.1772485	513.8274524	516.9770762	535.9780182	504.0660883	487.8486101	"Ethiopia"	64589334978.8	107657734392.45	100835453	114963583	936.450757562506	0
"FIN"	905.1889315	826.0701813	911.3496609	1223.271001	1462.231547	1704.33062	1766.586166	2141.300984	2200.991549	2075.95555	1615.424809	1756.338984	1908.986807	2021.797095	1947.00259	1959.708814	1653.905119	1558.13525	1479.270879	1611.406522	2475.059743	2892.938124	2999.391049	3128.517474	3296.55775	3958.118334	3940.584835	3717.180505	4099.505807	3943.239958	4161.139945	3985.508352	3399.134967	3415.00825	3431.090217	3756.949117	3629.646216	4087.54132	5903.500473	"Finland"	234534382384.77	271836962949.42	5479531	5529543	49160.8371522601	1
"FJI"	15.10294783	15.60133013	14.00892896	14.59125937	25.13144566	24.67383553	29.08321142	30.54203159	32.48258288	30.53912534	32.04109562	33.66527334	34.70024816	32.85113661	30.96254018	22.59892693	23.81169972	32.03953735	32.81165582	30.91430427	37.29689808	46.79881128	43.11135029	54.06716806	75.5769183	53.58565862	51.28572232	50.40895371	60.78552747	59.22151641	58.1082769	74.78794113	42.6175576	54.411608	75.27655501	81.37831357	79.02219898	72.18423278	70.47624799	"Fiji"	4682546863.08	4574413823.31	868632	896444	5102.84392924711	0
"FRA"	18188.52027	16977.86645	17455.15146	23901.44014	29280.47021	30327.27074	29665.45434	35774.43032	35869.12092	37902.26982	35775.27329	37288.60606	40124.02414	38977.7341	34697.9041	33633.56128	32672.71428	28403.13895	27951.56638	30578.39893	38569.11581	44524.57961	44442.05052	45792.14842	50684.46738	55365.96584	56441.4554	52044.06057	54120.87101	50216.5074	52001.46245	53134.7509	45647.47164	47370.58955	49195.66225	51409.81284	50118.92921	52747.06486	56646.99622	"France"	2439188643162.5	2630317731455.26	66548272	67379908	39037.1226309074	1
"FRO"																																								"Faroe Islands"	2561824640.68	3240759988.99	48055	48865	66320.6791975852	1
"FSM"																																								"Micronesia, Fed. Sts."	316489900	407515927.98	108886	115021	3542.96978795177	0
"GAB"	86.5991718	80.32827029	95.48972428	136.0068841														91.2952122	90.03613723	94.69316545	108.3964212	125.1218566	118.1114305	130.2377173	0	0	0	268.7385039	265.9653376	278.1439571	282.1633876	208.1247733	170.3745033	202.8153907	267.4307708	261.2173951	266.8791961	263.4715971	311.4549286	"Gabon"	14383107714.04	15316824039.33	1947690	2225728	6881.71422533661	0
"GBR"	26423.1224	25418.83954	26031.88155	30432.57794	34921.75989	38357.23651	37456.64681	43545.09484	47045.45733	45592.59182	38113.20679	38569.0135	38294.28308	38566.13465	39889.94745	41222.12583	40760.40067	39343.71127	39512.57994	44245.266	52343.12228	60250.78254	61653.63504	64217.61953	73448.03201	72915.40767	64010.50667	63979.11197	66569.55257	65452.48755	63837.72486	66995.46865	59990.20572	53327.32763	51633.53922	55680.22821	56856.13307	60675.03963	68366.44055	"United Kingdom"	2956573778737.76	2756900214107.32	65116219	67081000	41098.0786527828	1
"GEO"														67.70668356	44.00770713	41.08445698	25.88267836	18.82429143	23.82996787	33.97580704	42.64740288	70.41974278	214.0714301	404.1720259	931.7505642	1090.160251	603.6552149	454.1782152	468.7796268	491.9825294	441.878927	415.6432109	299.5141763	315.1944463	321.1366446	333.9123818	310.6141285	287.8640777	302.1441889	"Georgia"	14953950557.44	15842922532.72	3725276	3722716	4255.74299321248	0
"GHA"	71.14828735	44.62448703	63.16277666	51.65092276	43.33847486	22.76042465	22.62696633	27.6125535	41.42718418	41.66399604	41.00432858	37.82325083	49.05432226	44.41781262	45.48331022	57.45308566	59.2777609	50.88260824	32.3521405	36.97548134	53.24402029	56.35384299	64.1965664	75.73260793	126.077789	113.6681602	118.2907439	122.4804685	234.3274796	337.2609727	254.9970574	252.6538337	190.540362	161.7518743	189.1298415	218.4442536	233.320137	239.8871643	298.3454331	"Ghana"	49406568432.67	70043199813.69	27849203	31072945	2254.15388897608	0
"GIN"									71.7641784	55.65404029	43.95650399	45.87174751			44.37018981	45.03448332	55.21118639	45.96793121	87.71839882	98.08486517	84.13394931	81.0185701								168.9133575	196.8187056	196.9455898	221.4142323	161.8567445	181.6377759	197.0795264	197.7543307	206.9928908	244.5585904	"Guinea"	8794202443.67	14169626010.12	11432096	13132792	1078.95000622259	0
"GMB"	0.72766688	0.84680502	1.244263419	1.046935943	1.392344227	2.161462759	2.722988351	3.464911112	3.996271673	3.501687892	2.556388668	2.316899696	2.886551708	3.929706231	4.176388698	4.049572023	3.519056437	3.323532172	2.4542302	2.259285664	1.997861937	1.9313955	2.985085073	2.786319244	4.54702614	17.16353346	7.095299575			11.17307986	10.37889069	14.59997028	14.28813191			11.48722494	14.4564462	14.80501593	14.70639281	"Gambia, The"	1378176868.32	1830412999.96	2085860	2416664	757.413111611709	0
"GNB"	18.0647552	6.465128712	4.652567483	6.128820138	3.883662224		4.434725155					2.016728765	2.211919911	1.897743657	1.817811122	2.900235951		9.531360608	6.183163515	6.363093769	7.505161734		12.11637483				13.7445837	17.12980817	17.51980435	24.49175068	21.71079265	21.47083121	17.03695729	15.73007847	19.02193535	21.19842949	22.57124231	23.30668845	26.33935895	"Guinea-Bissau"	1048229629.42	1431758242.9	1737207	1967998	727.520171717654	0
"GNQ"												2.379301339	3.447875179												196.3143717	292.7546588	371.9275879					166.5402705	137.2626596	139.2008176	136.2103614	149.49869	148.636933	162.3733644	170.1806604	"Equatorial Guinea"	13185496836.41	10099157269.8	1168575	1402985	7198.3358837051	0
"GRC"	2195.463586	1994.286405	1927.083076	1998.816951	2399.22505	2749.556829	2560.254614	3193.376484	3146.899035	3623.052915	3364.41333	3587.244914	4179.913247	4613.167577	4573.516492	4824.257169	5012.285642	4564.522446	4428.103552	4734.177215	5035.585542	6267.468787	7028.428593	7607.186182	8533.090258	10574.1385	10641.34818	8163.619387	7128.608267	5914.988423	5655.183036	5531.285909	4818.121326	4963.484464	5088.178883	5757.114361	5471.56292	5301.379232	8079.943236	"Greece"	195683527003.38	188835201625.91	10820883	10700556	17647.2326882743	1
"GRD"																																								"Grenada"	997007925.93	1043411111.11	109603	112519	9273.19929176406	0
"GRL"																																								"Greenland"	2499115623	3075968328.7	56114	56367	54570.3750190714	1
"GTM"	184.25	207.48	224.42	140.8533333	124.028	146.5883844	151.6270613	132.196105	119.3108605	153.7530243	144.4450754	153.0115454	158.3486575	141.3704629	132.1128326	139.8043677	123.7541652	157.8480928	196.7655775	158.3681193	178.771794	114.8933493	104.4676799	130.5469292	135.9258728	166.4940483	147.4105441	169.7988401	197.4331507	224.3665436	249.7578534	245.6728759	252.4554806	290.912704	275.0147985	273.1149768	331.8825516	342.766481	341.7808219	"Guatemala"	62186186575.74	77604632620.65	15567419	16858333	4603.33964340662	0
"GUM"																																								"Guam"	5.799e+09	5.844e+09	161851	168783	34624.3401290414	1
"GUY"	22.1	20.74084514	38.97127133	27.82966094	10.61929123	11.02	6.023830213	3.58932849	2.031374373	3.625349994	4.436526474	5.485552101	5.691560614	5.55834016				12.58564929	14.3710529	16.65224346	16.34533057	22.13223874	18.5065666	19.17697364	24.97195412	30.52059342	31.05565089	31.07505549	32.41674754	33.5426066	35.16348579	39.28096747	46.43050847	51.56213082	59.51089588	61.74546596	67.20693771	76.54183968	70.70365165	"Guyana"	4279840193.7	5471256594.72	767433	786559	6955.93921717252	0
"HKG"																																								"Hong Kong SAR, China"	309383627028.56	344881400505.34	7291300	7481000	46100.9758729234	1
"HND"	70	81	94	105.5	122.5	132	138	67.12094903	47.39808941		40.59286913							52.46239689	62.95197658	63.60217606	82.19517679	60.56178664	62.58927481	75.59591854	95.92434017	132.4284006	156.8025573	170.1869797	200.3584059	212.3412743	294.9177794	314.0719002	356.266321	363.2723385	398.4601284	385.3200642	407.3902578	350.3707906	438.108692	"Honduras"	20979767785.21	23827840809.7	9112904	9904608	2405.73284775127	0
"HRV"										782.0036613	1168.936759	1625.222365	2060.38893	1938.698897	1797.184681	1427.264827	1035.949008	659.7750333	629.4641038	733.6807391	709.3991472	730.8670045	799.1609012	849.4310347	978.8537321	1295.957074	1129.098496	1015.876654	1106.464042	955.3201636	956.9526441	1063.469743	883.1629833	836.6850421	920.8370529	966.3587168	1001.812141	1013.002721	1739.751845	"Croatia"	50163192883.15	57203783203.03	4203604	4047680	14132.486560951	1
"HTI"						1.9724	2.23155	2.6704	2.623227387	1.743605937	1.649639306	1.599966755	2.478871189	0	0	0	0	0	0	0	0	0	0	0	0	0	0	0	0	0	5.159584748	5.35115951	7.356229689	6.451431661	7.361349246	13.96838816	11.30174895	26.38088478	20.9120674	"Haiti"	14833154471.75	14508218017.4	10695540	11402533	1272.36799204177	0
"HUN"	700.708442	641.1030303	1025.550984	765.8387898	823.9213975	1027.508668	812.6461282	847.3892469	722.5491534	812.0179672	735.8603856	757.1319893	612.1848171	585.2719018	695.9724609	618.46438	702.9424911	715.8576648	845.0556738	1079.154824	1401.561253	1532.612234	1596.087843	1410.071771	1776.464117	1867.877499	1475.818169	1350.820413	1472.069832	1322.277703	1280.050962	1209.80189	1132.476292	1288.676093	1463.013911	1791.545365	2051.055453	2771.214572	2777.132531	"Hungary"	125210324613.14	156743134665.96	9843028	9750149	16075.9732662506	1
"IDN"	2047.25795	2002.310077	1923.319347	1734.616704	1347.598625	1356.706413	1409.556738	1613.975396	1697.029205	1887.635966	1933.304585	2239.731575	2478.753541	2874.845238	3231.358571	972.7021251	1135.147005	1129.54284	919.0226978	1369.857129	2134.746704	2428.947795	2146.270791	2611.875117	3348.758342	3232.202215	3304.459138	4663.365759	5838.026186	6531.097955	8384.028601	6929.248704	7595.030528	7396.626075	8797.52845	7493.744633	8154.244768	9386.956718	8259.275725	"Indonesia"	860854235065.08	1058688935454.78	258383257	273523621	3870.55761979248	0
"IND"	6830.768698	6956.682449	7567.02402	9539.363086	10877.40616	11346.41915	10589.79692	10537.03545	8622.473881	8083.23141	8253.542581	8880.551226	9754.46463	9904.672736	11464.88339	11920.61082	13895.56246	14287.51424	14600.64235	14749.66725	16333.98664	20238.56653	23072.31293	23951.92796	28254.77345	33002.37673	38722.15439	46090.44566	49633.81579	47216.92005	47403.5288	50914.09628	51295.48375	56637.62264	64559.43528	66257.80172	71468.90052	72937.06405	76598.03118	"India"	2103587813812.75	2667687951796.56	1310152392	1380004385	1933.1010689481	0
"IRL"	310.2580917	284.2752262	301.495819	409.0811782	435.3789904	453.486447	434.222056	594.0060104	624.9326581	674.0350445	597.7237656	633.6993791	702.0397031	750.9872458	765.3055133	742.4021532	741.5086078	694.6747743	767.7783644	811.2559409	965.199981	1101.860647	1144.978361	1190.379117	1372.22537	1582.890834	1415.725373	1274.228688	1300.331547	1157.53173	1195.763444	1192.733691	997.005656	1001.610418	1025.063447	1107.137377	1112.740708	1144.420381	1267.738884	"Ireland"	291580037584.33	425888950992	4701957	4985674	85422.542868226	1
"IRN"	10550.35729	9926.303622	10706.41594	11741.43334	15263.37657	18889.00856	16301.81293	16474.4017	17549.59483	19732.55802	1448.177703	1703.171536	2501.54419	3550.986964	4642.384616	5479.362942	6650.285144	8327.053824	10378.79177	3243.891033	3717.06845	5243.621133	6796.744965	8751.474767	9330.901882	11081.95021	12584.62334	13561.27245	14277.66736	16493.96329	11997.18698	9901.118855	10588.76967	12263.95741	13931.19649	11230.85229	12528.45021	15825.14312	24589.09155	"Iran, Islamic Rep."	408212918053.94	231547571240.47	78492208	83992953	2756.74997687568	0
"IRQ"																						613.7248696	1120.278533	1236.081013	1989.948747	3116.30402	3237.179487	3752.905983	4278.632479	4141.066054	7780.188679	6923.644082	9604.231011	5970.383698	7416.385135	6317.97715	7598.829336	5649.373637	4728.165568	"Iraq"	166774109673.73	184369797315.44	35572269	40222503	4583.74749367139	0
"ISL"						0	0	0	0	0	0	0	0	0	0	0	0	0	0	0	0	0	0	0	0	0	0	0	0	0	0	0	0	0	0	0	0	0	0	"Iceland"	17517210519.09	21718075725.21	330815	366463	59264.0340913271	1
"ISR"	4265.358582	4214.300331	4004.517114	4386.224325	5995.553855	6999.574985	5550.71026	6528.767331	9337.649895	7313.38839	7752.8067	7772.187268	7945.97152	8499.441747	8580.69753	8095.647853	7652.604037	8327.543753	8504.274012	7981.518926	8225.281206	8605.125436	8921.942198	9315.253568	11382.20288	13803.7135	12754.23793	13875.2116	15100.06621	14524.41959	16247.82594	17737.37571	16457.09875	17434.5586	19357.00246	19899.81904	20339.22559	21816.56977	24340.97954	"Israel"	300078278118.43	407100736594.06	8380100	9215100	44177.571224844	1
"ITA"	8409.527116	8296.144788	8253.390533	11941.80916	15653.0659	17403.66479	17675.48654	20734.62558	21585.70677	22177.09039	18242.0139	18062.45908	17185.853	20793.12883	20156.10226	20825.12535	21016.45691	19878.72093	19519.38148	21610.05976	26824.21329	30261.07665	29737.64239	29633.02226	31982.43179	36839.98975	34054.48132	32020.81995	33828.80497	29781.00821	29957.4459	27701.03433	22180.84507	25033.02789	26447.89292	28420.09844	26380.67398	28921.34276	32006.13765	"Italy"	1836637711060.55	1892574064222.11	60730582	59449527	31834.9726184047	1
"JAM"	50.16250737	25.15344425	18.71437926	23.52208813	25.32501499	30.93257782	40.9338096	38.60994456	31.89197666	47.19232763	44.54257954	34.21850395	35.29882961	41.79126391	54.85460888	47.64021888	45.13107175	43.56623249	46.37438229	56.8981471	54.84587182	54.53313223	59.32977632	72.64552301	83.5119421	130.6991707	114.8083318	115.571396	133.6385598	137.6355057	128.431323	121.3102435	123.8541357	137.6490618	143.5455554	209.6758209	266.0150745	236.8656716	209.8170122	"Jamaica"	14188935947.57	13812425036.59	2891024	2961161	4664.53024222256	0
"JOR"	484.7429898	457.7789916	501.7421603	625.7750753	647.0503074	587.7763885	382.8910362	322.4290054	433.2717451	367.7454848	391.1374884	407.8630267	299.8385155	417.4894217	444.2877292	496.4739069	511.9887165	529.3370945	528.9266456	521.8617772	611.8476728	586.74189	603.6671368	701.551481	1032.440056	1358.38358	1568.309859	1557.887324	1594.788732	1472.816901	1444.929577	1548.873239	1614.929577	1769.43662	1939.71831	1957.746479	2032.112676	2055.915493	2176.760563	"Jordan"	38587017887.32	43697659295.77	9266573	10203140	4282.76582461576	0
"JPN"	11429.31726	12225.0781	13087.75195	19457.33444	23642.2907	28216.10275	27966.35354	28800.45168	32785.41575	35999.12358	41353.93622	45285.59408	49961.67324	44047.10468	40634.84061	37849.01264	43122.8985	45509.67383	40757.96723	39333.70817	42486.17736	45339.80941	44300.61333	41552.59289	40530.04569	46361.46828	51465.15821	54655.45074	60762.21384	60011.53019	49023.93241	46903.46661	42106.10331	46471.28771	45058.46876	48535.90941	50970.70235	51970.83095	54123.5517	"Japan"	4444930651964.18	5040107754084.11	127141000	126261000	39918.1675583443	1
"KAZ"											0	106.926893	177.6866284	241.7712059	236.7522784	242.6462231	143.9053571	143.5275411	221.4862065	245.9567194	317.5643151	426.4417246	591.9852498	793.0271475	1359.776099	1540.810813	1271.890276	1501.815344	1803.970782	2177.543205	2551.124375	2306.468865	0	1281.103432	1390.619095	1498.378533	1853.499709	1548.175775	1617.793375	"Kazakhstan"	184388432148.72	171082379532.99	17542806	18755666	9121.63713797153	0
"KEN"	208.6917327	175.004683	145.7817321	181.2556623	249.8100823	250.9424075	228.606149	246.4564386	191.9085063	156.036602	105.7045273	117.3314826	149.0964383	170.8048163	175.8348969	171.9640133	151.9177774	165.5847352	195.3650055	213.894508	245.9386638	259.8078407	316.7994854	375.8072032	494.6848967	580.0119407	578.0716724	622.0498478	646.6781067	840.07259	860.5608961	819.0426268	843.6678028	933.1030025	1015.384782	1113.648362	1116.87242	1115.32177	1113.287247	"Kenya"	70120413328.78	100666542665.72	47878339	53771300	1872.1240264922	0
"KGZ"										0	0	12.08695361	26.71256896	28.27695635	31.1587977	26.0923043	23.13317947	25.79415581	22.21206721	25.93337839	32.60311203	37.23835812	39.7182887	47.20703673	50.9095871	61.12432193	67.21374735	77.23799231	86.42338641	107.5298429	119.0006139	127.9710888	117.0032781	115.6453118	121.5158054	127.1483467	128.9434518	131.1044087	124.8522012	"Kyrgyz Republic"	6678178340.45	7780874536.66	5956900	6579900	1182.5217004301	0
"KHM"				0	0	0	0	29.09090909	43.29468366	62.29373589	44.62625511	107.258619	123.1011535	113.5636109	103.4196012	83.32398609	88.17200348	81.02584131	70.84694089	65.1827161	67.52522443	69.21879863	70.95907147	75.88131359	79.01542588	82.63072343	136.589738	167.857928	192.1594185	217.3057277	243.4701099	277.9740681	325.1880623	382.2052604	458.2627979	543.2046891	595.4076177	646.9741333	643.3795077	"Cambodia"	18049954289.42	25872798012.19	15521435	16718971	1547.51138764401	0
"KIR"																																								"Kiribati"	170291001.98	180911843.64	110927	119446	1514.59105905597	0
"KNA"																																								"St. Kitts and Nevis"	958407222.22	980905888.89	51204	53192	18440.8536789367	1
"KOR"	4714.159753	4759.446931	4883.795775	5325.292074	6040.845305	7732.395676	9468.974884	10110.71487	10956.52435	11614.6652	12377.42487	13519.26576	16085.09568	16408.66527	14848.48453	10457.95753	12095.18682	13801.10702	12941.85083	14101.70331	15847.04727	17829.86414	22159.51256	25177.23774	27726.12959	26072.41051	24575.66194	28175.18122	30991.70795	31951.76081	34311.22072	37552.29895	36570.76932	36885.28343	39170.68214	43069.97334	43890.86199	45523.98471	50226.94887	"Korea, Rep."	1465773245547.15	1637895802792.9	51014947	51836239	31597.5046490719	1
"KWT"	1425.49841	1465.909168	1379.86986	1295.617612	1336.740077	1704.123944	2076.390756	8961.536461	12924.37797	6316.012045	2980.065532	3296.055513	3692.435533	3241.385529	2454.268845	2282.153592	2286.352512	2697.075596	2685.735278	2821.521878	3130.746413	3450.118765	3509.417808	3597.816498	4115.736734	4430.342077	4208.871206	4335.204653	5393.526319	5941.536637	5697.937802	5832.10342	5735.13289	6446.742131	6764.636914	7165.27906	7373.519737	6941.042345	9024.335548	"Kuwait"	114567298105.68	105960225688.15	3835588	4270563	24811.7697100242	1
"LAO"										102.2926113	107.6439791	116.1053804	103.7045322	78.44546601	67.06455658	33.35021056	15.38294739	13.7176646	12.57457078	11.43561747	11.0133409	11.49696752	11.96598844	13.41056506	14.83886554	16.26788896	13.97361453	15.35640295	19.0098206	20.32715766	22.67771312									"Lao PDR"	14426381187.09	18981800705.08	6741160	7275556	2608.98283307558	0
"LBN"	492.4726766	474.5749176	227.2035086	148.2933237	36.99976847	39.31774308		214.3610387	229.469731	442.7863311	452.9792806	637.4734386	746.2640541	735.6310136	678.1642795	693.8718975	829.6636248	930.0165837	958.5406302	907.4626866	923.3830846	954.5605307	962.5207297	1008.955224	1152.238806	1169.485904	1426.202322	1585.406302	1626.533997	1757.21393	1935.718241	2270.06596	2239.416094	2606.456908	2441.074857	2775.557816	2521.246648	1921.393035		"Lebanon"	49929337837.08	25948915861.2	6532681	6825442	3801.79274268245	0
"LBR"	38.75	24.95	25.15	24.35	22.25	25			25	22.65	30.45	39.3										4.525	6.467	3.9005	2.882	4.895	6.7395	8.982	12.5405	15.179	15.1115	14.531	14.799	14.712	13.3355	13.229	12.901	12.1235	14.0485	"Liberia"	3227075700	3039982540	4472229	5057677	601.063005802862	0
"LBY"															1251.990817	1443.621758	1153.487088	1085.534665	819.7479936	452.5136148	541.4017665	685.0732201	690.9307693	614.3562962	639.1370462	1100.068652				2987.413408	3964.690154	3755.652496								"Libya"	48717854039.97	52320215472.09	6418315	6871287	7614.32544908836	0
"LCA"																																								"St. Lucia"	1808079888.89	1616772748.15	179131	183629	8804.56108866247	0
"LKA"	45.95258536	55.75079998	188.9473025	172.7432693	226.6995419	165.4866255	125.6827872	187.0234057	277.3890238	326.7654736	354.7851712	437.0324051	763.6639637	767.1055917	698.7927709	733.4356347	631.0141501	822.1273656	675.016502	571.6579502	541.6955896	619.3054924	644.2118251	791.4910407	1054.81681	1511.363007	1522.232372	1532.026109	1751.910641	1474.902628	1600.84141	1914.59122	2057.866407	1741.45665	1866.534439	1638.914327	1560.094459	1529.361955	1563.052164	"Sri Lanka"	80604080688.58	80969683537.45	20970000	21919000	3694.04094791961	0
"LSO"	14.06965263	12.28580337	10.66779739	13.36962753	18.11122626	16.95645863	22.61045953	24.16593232	22.30817145	24.2372923	22.14068439	25.85332883	34.37328547	28.34730831	28.70033594	27.80702135	34.07818669	30.55550352	23.39072943	19.5598964	27.36375954	31.3869551	33.61989392	35.22457931	39.83467156	27.35068186	47.39976893	70.66103737	58.16932075	53.24014582	47.94118317	47.69339603	44.02592625	41.48954336	52.59481037	51.06434775	44.84596746	38.61883653	37.04405495	"Lesotho"	2359759799.04	2250717718.47	2059011	2142252	1050.63163365935	0
"LTU"											20.76976377	21.06227138	30.4536125	42.26	75.611	138.175	106.45	140.4	166.875	181.4814412	210.8224132	270.8417998	303.8190064	351.6057888	442.0044933	541.3901946	404.8260287	326.3209187	344.6052154	328.6316816	354.8621497	426.9136954	471.2210269	635.4481024	812.106965	1056.383745	1093.819973	1174.056765	1240.539262	"Lithuania"	41435533340.39	56546957475.49	2904910	2794885	20232.3020358584	1
"LUX"	37.17802884	34.92875785	34.43311808	48.29750624	66.08782736	77.71066352	68.62808055	87.35571155	97.33405222	111.3206765	97.65306971	113.8345735	128.5217643	127.8338843	121.1306064	129.3194412	127.052872	115.6987271	144.7122216	138.5931695	179.4592624	212.0179594	220.2108967	223.272213	258.4327972	213.8645768	201.4328124	247.6673576	232.1524143	214.5718713	233.6823964	252.0794231	249.5286681	235.5559447	323.1380293	355.275427	386.2516794	405.7904936	460.0283822	"Luxembourg"	60071584216.14	73353132793.71	569604	630419	116356.158037289	1
"LVA"											17.69150797	33.90034804	43.56033106	38.15493456	37.98831315	42.1801665	56.56862639	69.99068336	86.9667411	147.2248402	189.1442514	229.3533225	272.5511158	367.8254904	481.4926271	581.7522729	363.8092511	259.6721242	296.8349292	255.7403426	283.5689327	295.7289653	282.6882555	404.5524522	482.4619991	709.3705369	691.8943126	742.04947	826.6319773	"Latvia"	27263090547.06	33645460617.24	1977527	1900449	17703.9534432337	1
"MAC"																																								"Macao SAR, China"	45047964934.25	25586111076.34	602093	649342	39403.1359073339	1
"MAR"	628.153423	512.4544012	692.4720497	728.5456327	815.3861061	917.2691448	990.5550902	1069.720492	1148.44571	1228.526553	1251.786538	1365.250019	1437.898701	1447.128689	1400.949501	1444.959716	1007.810763	1043.42343	1470.317615	1474.874326	1819.23007	1937.523822	2031.131381	2134.594876	2408.35025	2944.958473	3055.069442	3160.804832	3342.698956	3402.700836	4065.552317	4048.612524	3268.363376	3327.03189	3461.461531	3696.856945	3721.323837	4830.956394	5378.366535	"Morocco"	101179808076.36	114725065285.15	34663608	36910558	3108.19102992564	0
"MCO"																																								"Monaco"	6261622101.41	6816219303.26	37723	39244	173688.189360412	1
"MDA"											0	0	13.3457894	15.35461116	17.41075098	10.61314168	5.990984994	5.09079796	5.961865823	6.978372204	8.246742537	9.378005953	11.96037969	16.44949776	22.71847379	36.8456505	24.90638727	18.33571827	22.96696369	23.87007282	26.71052213	27.56555984	23.05181459	27.43100608	30.92616054	37.40468953	43.00932857	44.53378066	52.29326318	"Moldova"	7745241912.95	11859730543.55	2834530	2620495	4525.75965363414	0
"MDG"		55.05987219	50.86984415	50.56628323	36.66241121	32.90443855	30.24746794	37.94812418	34.70708744	23.10263336	37.83079082	27.58094567	27.17066412	49.44290551	52.54473669	50.44657625	45.03644292	47.21093461	65.03756545	57.74339683	72.51701889	54.47171003	54.01816248	53.91401764	81.93694367	103.2715395	70.98522142	56.92289289	71.98980801	68.6360178	71.87787449	69.67665525	58.93284776	59.39499592	66.90609019	73.25842524	76.57663111	87.35775207	99.18592003	"Madagascar"	11323020828.58	13225591803.62	24234080	27691019	477.613041384284	0
"MDV"																																								"Maldives"	4109424799.72	3742769967.43	454914	540542	6924.10574465999	0
"MEX"	778.5567972	1155.945373	1241.863652	817.2966117	813.3915744	981.9146456	1153.375828	1210.872502	1459.136041	1824.550066	2122.980338	2635.284079	1562.615372	1882.873103	2184.061042	2263.223453	2652.912012	3031.454509	3229.469276	3172.268734	2960.496802	2854.385965	3123.454978	3035.131019	4223.037646	4334.654124	4514.233914	4789.031339	5498.458542	5717.035575	6473.144378	6758.693845	5468.837812	5336.87574	5062.076646	5839.521271	6650.808254	8044.880864	8680.832593	"Mexico"	1171867608197.72	1087117783073.31	121858251	128932753	8431.66501744758	0
"MHL"																																								"Marshall Islands"	183814300	244462400	57444	59194	4129.850998412	0
"MKD"														130.6367259	83.25417221	78.99129113	66.23692045	69.82894791	226.3030023	106.3095767	115.8272017	135.2562948	127.0036544	126.0088767	162.5672371	172.6581589	158.7166615	130.0214691	132.4619948	119.4104025	126.5063487	124.1851057	99.98365956	103.5201373	100.7546921	119.606164	146.0933804	153.5374829	214.5889468	"North Macedonia"	10064515432.03	12116981815.23	2070226	2072531	5846.4658985704	0
"MLI"	26.76701674	25.40295727	29.82662716	37.53905506	44.25411846	48.01106605	46.08034908	52.15506951			44.49733899	29.89886618	40.46895911	39.68316027	40.26254607	41.0202864	43.8525968	43.68124768	44.88165023	49.35522563	66.75843083	77.42033183	86.45074204	96.00489587	110.376888	142.9193511	144.4346084	146.7865457	161.0626746	148.8657799	153.8336977	218.1184031	309.1706822	362.3989022	460.196192	481.7281845	475.6381857	593.8658835	558.3792497	"Mali"	13104764378.71	17465392779.04	17438772	20250834	862.453012011258	0
"MLT"			12.94871208	16.5319951	23.14895351	22.38360551	21.30878146	21.15202767	21.74481812	26.69269081	24.63770557	27.87026214	31.14485996	33.29617482	31.14221489	29.08126841	27.98662066	25.35394805	27.11932311	28.4036908	34.125502	40.52646919	52.49896332	44.43442584	49.26337712	56.03251913	59.11011151	58.72894993	55.89312648	49.92200891	53.78943888	56.51487992	51.79660641	59.67292299	64.23588817	66.86909104	80.26757725	67.983586	84.9089404	"Malta"	11091434483.52	14917038504.29	445053	515332	28946.4626770509	1
"MMR"	192.1699915	188.7208293	196.7586447	231.8433696	203.6537435	255.2568285	550.1946338	814.0255831	942.6770852	1370.457677	2061.809624	2801.966892	3932.079181	4675.441102	4780.529108	5873.097951	6950.081056	9030.564409	9464.417217	11000.35682	24189.1095	29853.91408	32954.26225							2969.236076	2366.989085	2372.895912	2552.370442	2455.78412	2221.96106	1529.364478	1532.077146	2498.229138	2107.821055	"Myanmar"	63045305229.1	78930257227.09	52680724	54409794	1450.6626734718	0
"MNE"																							60.81181913	62.34781551	64.19047463	85.10638298	76.68338791	75.0948619	79.37666382	67.7122013	64.83624308	67.54401804	56.8914273	61.71455161	65.73488638	75.3656032	73.96215853	82.98187621	98.628193	"Montenegro"	4054728172.94	4780722121.96	622159	621306	7694.63375850225	0
"MNG"					0	0	0	0	110.8383146	33.0418912	14.05710296	16.39364122	21.28114879	21.60819689	18.69259436	19.92083993	18.02186188	24.26555955	23.12471531	25.28212841	24.33321123	27.74909306	29.79796723	39.18962448	56.56185919	66.74987133	37.633746	54.85571751	87.15784816	113.6227699	103.4640699	105.1144349	101.7330698	96.36678984	87.5117435	96.06748986	99.72948317	112.1783877	108.2620992	"Mongolia"	11619892396.08	13312981594.57	2998433	3278292	4060.95051769946	0
"MOZ"	116.3169775	136.6545091	148.2143643	170.669991	83.58241811	63.8527004	79.06910559	84.59899967	71.80352325	59.60541217	59.3664822	72.86469192	33.46508827	36.03779098	42.01462282	49.26481734	56.51619165	55.36145844	50.61921598	53.50958696	59.77134255	77.63060586	62.24795109	57.43913578	68.62536426	83.70945573	84.3028094	99.18993171	118.871183	139.1005533	157.8921144	173.752249	134.0337264	110.4637093	129.2583862	196.5354528	217.4513223	288.2589459	248.4753762	"Mozambique"	15950979333.16	14028811071.76	27042001	31255435	448.843891366733	0
"MRT"			41.05857171	42.4605042	43.72055123	42.98386411	38.87972451	40.18161744	39.44070349	39.37867416	30.15578696	29.48816508	31.98785525	37.88751075	41.59944157	25.61068783	31.95967811	37.87831226	51.85248935	36.28113741	62.44915029	0	66.65963665	81.90618019	0	123.3233838	114.8243294	0	0	142.2999123	144.2154835	144.8443307	132.9312177	136.064876	143.7693186	159.013353	162.397955	198.5300372	230.9354929	"Mauritania"	6166863960	7915985513.7	4046304	4649660	1702.48695898195	0
"MUS"	2.934342485	2.623131381	2.363606929	2.896096952	3.649578357	4.688302314	6.327951842	9.183570491	10.49685989	11.42759844	10.7774252	11.85385626	13.44736948	12.97351809	9.801826445	8.456738925	9.04080871	9.360142631	8.977215381	9.502035912	10.88292744	10.93514192	10.88614805	10.81427143	11.63228874	15.58018894	15.31611587	14.87441691	17.51201839	16.66222962	23.20089638	19.74422208	17.08660541	21.99943803	22.63350664	22.91709404	21.409907	18.47839939	19.73797834	"Mauritius"	11692287066.38	10926820603.4	1262605	1265740	8632.75285872296	0
"MWI"	22.21730396	18.8395902	19.81123844	24.74383016	21.64356149	20.16749307	22.78113585	24.31217203	23.7041212	25.23811638	25.72806272	17.06080308	11.0477175	20.15220302	26.40748714	14.47412037	14.40297949	11.72750144	12.6819147	14.81516979	13.11882585	21.96573858	38.2135619	31.0905495	33.59960559	44.4642514	58.79738182	49.98421791	52.80484299	46.15595369	62.92552009	49.45453591	40.79341543	35.74812199	47.41653707	58.36917344	85.18193495	89.40936795	83.29061827	"Malawi"	6373212640.85	12172128469.57	16745305	19129955	636.286309589855	0
"MYS"	1342.380183	1273.659777	1076.905728	894.074625	1334.714483	855.7419867	1019.255475	1125.007856	1571.959986	1766.520896	1923.398172	2120.597807	2444.098387	2420.963934	2089.087477	1158.657313	1663.289474	1533.157895	1934.473684	2237.894737	2881.578947	2823.157895	3120.337779	3266.197406	3970.537327	4411.795565	3964.817705	3854.285351	4692.48366	4507.252007	4915.722759	4919.245323	4532.069852	4169.374001	3494.832257	3445.04372	3265.281469	3374.583532	3830.234243	"Malaysia"	301354803994.37	337006023789.7	30270965	32365998	10412.34766775	0
"NAM"									144.7677198	124.5612743	70.15552033	56.95899516	68.23652019	66.46353519	83.65958038	78.91242846	105.7659572	92.39779649	96.75718245	87.99225858	129.4490895	166.9971779	192.0721208	199.5591851	228.1746736	266.2500212	299.5160302	396.5391014	443.5914245	412.1635036	389.9587367	537.4560137	518.2036851	425.3884496	456.0811448	455.5690843	414.05949	368.2247389	401.8593084	"Namibia"	11335179562.02	10562637375.59	2314901	2540916	4157.01950618989	0
"NCL"																																								"New Caledonia"	8738205836.74	9435529927.25	268700	271960	34694.5504017135	1
"NER"	12.35481518	10.63262518	10.87781544	14.41210952	13.66221131							17.47102422	18.43140712	17.39803578	17.30432831	22.03569104	23.55046865	20.08494668	24.82814693	20.66032701	24.60426703	31.61172473	32.79819818			53.63048648	53.00030073	66.88984144	83.94756138	148.8657799	106.0642863	145.6003699		166.1922923	200.18393	229.6399061	247.6320828	238.2695883	202.4044772	"Niger"	9683867893.68	13741378450.14	20001663	24206636	567.669892261775	0
"NGA"	1627.393327	1210.91625	1091.662993	516.8935093	201.6912182	271.1060465	170.7055113	277.2977835	243.705781	173.6576793	289.2311039	319.6944899	639.4066306	701.4128786	818.7845253	1149.68473	491.6713686	368.6441095	570.6322878	896.9132014	587.4618873	639.9900668	674.2081448	776.1480583	971.3213786	1615.533211	1504.486172	1990.099669	2384.936022	2316.4782	2418.760171	2357.671219	2065.557663	1723.204266	1621.218176	2043.051719	1860.26043	2567.917819	4466.397816	"Nigeria"	486803295097.89	432293776262.4	181137454	206139587	2097.09247289023	0
"NIC"								1142.47598	67.6683455	47.2	40.21058962	35.4014946	35.11985146	31.53340051	30.2707005	26.27127453	26.92792968	30.82526568	28.19345044	34.83191007	35.30712498	32.62806516	34.12357395	37.28514513	39.4720438	42.65972878	41.7217729	44.27244292	51.45311113	70.1329698	74.53201094	81.39192994	98.93294715	85.07359844	86.72544484	81.59393269	76.93150685	79.3433096	77.9196503	"Nicaragua"	12756706583.31	12586941392.63	6223234	6624554	1900.04359427518	0
"NLD"	4256.634367	3977.29458	3884.181822	5351.016847	6542.917225	6728.811707	6399.237699	7420.849636	7246.192325	7904.561273	7054.868962	7137.373801	8011.539559	7829.004728	6839.136799	6836.084823	7026.43329	5971.807629	6200.391943	6728.153969	8356.33847	9377.114724	9566.980053	10217.76574	11480.37742	12374.84894	12131.81208	11220.52328	11647.93461	10364.72079	10226.26032	10332.60288	8667.849617	9115.240932	9580.685498	11114.92747	12000.67174	13085.71754	13752.01041	"Netherlands"	765572770634.38	913865395789.89	16939923	17441500	52396.0322099527	1
"NOR"	1698.789946	1554.623805	1796.625192	2168.162775	2753.41561	2894.745726	2932.580201	3394.869435	3287.551636	3803.68493	3175.583193	3403.291213	3508.040839	3537.003416	3253.032488	3324.939365	3309.198286	2922.34351	2965.973987	4065.868548	4517.514992	4887.380337	4884.904928	5011.748967	5875.2881	6370.921986	6195.603602	6498.659038	7232.260585	7143.962183	7391.829787	7336.785328	5815.228175	5997.385048	6853.260033	7541.055169	7542.13579	7269.88003	8251.716513	"Norway"	385801550067.17	362198318435.26	5188607	5379475	67329.6777910967	1
"NPL"	29.08175893	29.21127137	30.53205016	31.05304807	33.92883332	35.78912114	36.33113635	37.92919113	35.43148571	37.60753789	37.04183742	39.25299863	39.76658451	39.54702604	42.58785199	42.27307589	47.48495737	51.35813531	64.70173838	85.40588572	102.9341462	130.6503279	159.3260238	157.2476895	169.5753971	187.0696958	209.703502	254.9500721	284.5188511	256.6868395	281.0384257	328.1156622	323.7977296	356.4952786	436.7455635	429.3730059	428.6968951	435.4620884	445.1996129	"Nepal"	24360795410.64	33433670511.94	27015033	29136808	1147.47197125849	0
"NRU"																																								"Nauru"	86529661.37	114626625.55	10374	10834	10580.2681881115	0
"NZL"	567.5554694	530.3318046	529.1913985	691.13404	925.7565386	961.8383124	959.6029064	1057.749672	989.03381	870.3989172	866.7880746	979.531817	1146.415728	1238.271987	1180.888907	969.3563495	970.306042	858.4149195	796.6368891	865.788853	1132.832007	1285.163189	1389.770959	1463.950819	1713.995943	1661.242822	1623.013593	1930.748002	2080.091009	2094.946041	2134.105838	2274.145714	1943.757736	2093.352062	2328.156653	2525.003415	2926.961107	3034.58793	3389.851485	"New Zealand"	178064471137.92	211734532308.01	4609400	5090200	41596.5055023398	1
"OMN"	1457.006369	1580.789642	1617.713053	1305.689797	1139.141743	1148.894668	1171.521456	1447.919376	1254.811443	1517.16515	1439.921977	1520.091027	1513.849155	1437.191157	1482.054616	1318.205462	1340.442133	1577.243173	1819.895969	1868.46554	1969.310793	2230.689207	2739.011704	3022.626788	3244.603381	3462.483745	3367.490247	3671.391417	5000.715215	9250.650195	8766.319896	8213.524057	7533.550065	7935.955787	6802.6658	7565.344603	6551.040312	6095.708713	5783.615085	"Oman"	78710793237.97	73971391417.43	4267341	5106622	14485.3861157983	1
"PAK"	1985.972402	2114.43583	2143.969262	2282.625019	2500.172426	2721.72324	2580.142638	2810.101624	3067.123794	3388.776373	3308.760745	3320.617929	3665.932427	3547.799671	3320.238863	3218.881738	3080.764514	2973.072722	2842.04679	3273.401893	3722.814794	4128.195489	4587.117425	4969.197611	5342.575138	5226.678787	5274.564971	5974.613176	6954.787511	7478.971082	7645.455529	8654.923192	9483.482373	9973.768059	11461.25392	11732.13176	10388.31816	10394.50255	11304.82985	"Pakistan"	270556131701.17	300306331697.67	199426953	220892331	1359.51452156875	0
"PAN"					103.8	102.9	101.9	73.1	78.6	78.8	95.2	101	96.6	101.2	118	104	111.6	0	0	0	0	0	0	0	0	0	0	0	0	0	0	0	0	0	0	0	0	0	0	"Panama"	54091713800	53977037000	3968490	4314768	12509.8352912602	0
"PER"	927.1596372	666.3109162	666.9764645	867.5389855	1455.232303	736.6182315	862.6541994	777.0669448	697.7346278	904.617805	956.586465	1111.161731	1413.463629	1396.469289	1178.753608	1141.808874	992.2177263	912.0057307	904.2354491	839.6132518	891.2539134	922.0460745	1203.039421	1291.06014	1332.655376	1503.663891	1848.56293	2178.945723	2355.167834	2857.983382	3305.451871	3217.574657	3312.21457	2536.072335	2665.785313	2648.683287	2766.847335	2653.5929	2360.613146	"Peru"	189805300841.6	201705055938.65	30470739	32971846	6117.49357129261	0
"PHL"	800.1655763	513.4531431	609.3307465	593.7985941	652.3821332	931.5610082	954.928761	951.48187	913.2197419	1078.843704	1173.0175	1392.199022	1700.402497	1879.303176	1576.447115	1225.561281	1341.016654	1303.077685	1122.103992	1199.121767	1301.286084	1243.221348	1372.702435	1607.271267	2014.371029	2270.904919	2115.785124	2438.189569	2701.492158	2898.685257	3377.027861	3103.13146	3335.550049	3331.502847	4096.341612	2842.618672	3471.584034	3732.673666	4090.523773	"Philippines"	306446140628.71	361751116292.54	102113206	109581085	3301.21860257671	0
"PLW"																																								"Palau"	280457700	257700000	17665	18092	14243.8646915764	1
"PNG"			34.2893703	37.45056176	42.3835691	46.29474784	53.07424222	68.69109948	52.64214166	58.56967666	68.59699216	83.25587834	56.40548819	78.74487328	79.55659715	49.72053299	35.67802643	33.60698163	25.2307656	17.02086147	19.30713213	24.42172944	30.46470768	31.30796636	39.28709933	39.33202227	52.04817178	46.33562437	64.19313614	110.6231853	105.1008906	112.3757559	99.84064268	79.05131931	80.86075552	79.95690579	91.73453997	85.88709677	88.72420808	"Papua New Guinea"	21723531173.24	24667052023.12	8107772	8947027	2757.01101864563	0
"POL"	2195.521573	2313.670081	2140.78917	2173.578189	1765.484773	1783.781524	1493.906252	1540.736842	1721.995821	1881.935067	2123.378416	2251.923178	2719.362634	3083.416787	3192.276377	3491.022616	3226.555351	3146.106713	3630.645595	3776.173214	4150.261759	4778.627749	5896.404861	6619.413759	8589.136364	9349.421394	7903.812008	8790.170132	9455.422988	8986.838792	9275.711727	10345.15357	10212.78578	9164.190587	9870.680628	12040.67342	11786.15385	13718.29143	13710.67911	"Poland"	477811911394.08	596624355719.67	37986412	37899070	15742.4537256368	1
"PRI"																																								"Puerto Rico"	103375500000	103138300000	3473232	3281538	31429.8661176558	1
"PRT"	692.9476425	628.4648421	653.5870812	935.7543397	1130.608394	1347.837652	1456.535413	1875.087897	2115.383815	2532.649406	2192.208142	2173.63473	2670.121572	2600.849533	2388.687811	2335.597096	2406.49374	2204.256495	2324.811411	2602.230483	3109.812942	3719.431562	4039.322489	4066.783668	4366.184075	4812.099462	4949.690419	4718.924038	4904.393519	4137.254045	4724.102082	4111.548064	3565.420872	4133.066817	3675.68723	4273.809945	4275.638155	4302.975037	4908.940397	"Portugal"	199394066525.44	228539245045.34	10358076	10297081	22194.5661149349	1
"PRY"	221.2213349	172.9975124	158.3633061	191.4353493	116.9228309	178.4358182	98.14235671	112.2342557	197.6134968	169.5562852	157.9304993	161.1002723	206.9264093	202.0122248	167.9821069	139.262988	116.5532549	110.2481672	91.29889393	69.89274129	63.51188006	84.46698626	77.46893797	106.5574061	132.3936162	168.1548574	168.4862619	204.6052548	285.1062408	320.9097566	371.2155754	398.3708305	386.5388643	343.2323406	348.1796575	386.5563896	375.7795114	364.3422	372.6013693	"Paraguay"	36211372702.81	35432178068.18	6688746	7132530	4967.6872117159	0
"PSE"																																								"West Bank and Gaza"	13972400000	15531700000	4270092	4803269	3233.56863835858	0
"PYF"																																								"French Polynesia"	5325848045.43	5669368717.21	273119	280904	20182.5845029263	1
"QAT"	905.1923077	874.8626374	1528.873626		865.4120879	982.5549451	848.4615385	790.7967033	895.6318681											760.989011	784.6153846	772.3626374	887.5	1065.741758	1562.225275	2317.5	1948.351648	1876.758242											11593.40659	"Qatar"	161739955577.75	144411363345.27	2565708	2881060	50124.3859361728	1
"ROU"	888.319702	731.1961354	2050.007584	2307.873265	2272.446246	2524.357529	2572.110229	1739.025771	1377.194085	831.6204096	722.4515197	936.6862225	983.1405414	874.4512389	1074.785782	1254.227893	955.337577	935.5696103	985.6576557	1056.136062	1250.327559	1530.183904	1975.975151	2251.493425	2607.689942	3000.404945	2225.14454	2086.22046	2379.871482	2102.886223	2452.512981	2691.470287	2580.594158	2644.159836	3622.068492	4359.021209	4613.040397	5052.321471	5563.282002	"Romania"	177729210874.5	249511333647.5	19815616	19257520	12956.5662477567	1
"RUS"										0	7766.720078	13547.87173	12741.62947	15826.34065	17577.35318	7955.730401	6469.035211	9228.204144	11683.15134	13943.82506	16973.73909	20955.41357	27336.97727	34517.78162	43534.995	56183.78539	51532.1168	58720.22761	70237.52395	81469.39993	88352.89646	84696.50465	66421.82218	69245.29455	66913.03354	61609.20476	65201.33585	61712.53717	65907.70505	"Russian Federation"	1363481063446.77	1488321875489.74	144096870	144073139	10330.3217089602	0
"RWA"	28.0246717	25.46067662	27.25072843	34.88946911	36.09335948	36.62634716	41.62247813	95.13273543	105.3338021	88.57017	89.43613636	40.51057539	56.44933672	73.65882276	77.27257653	87.09183706	80.85236358	61.32985712	56.88590313	51.11861412	45.19626898	41.21576105	44.99635189	54.55764804	55.5804408	67.66035962	75.27848605	74.51441729	75.38392856	79.79391009	82.48071558	90.93779322	103.5632147	107.2786187	115.7168124	118.959174	124.0733526	147.8737319	164.0160578	"Rwanda"	8539424910.08	10184345442.17	11369066	12952209	786.301814784644	0
"SAU"	21872.72054	22672.05099	17656.96522		14460.26667	13354.66667	12749.86667	16355.46667	16355.46667	15360.26667	16451.2	14279.73333	13200.26667	13340	18126.66667	20861.6	18320	19964.26667	21026.66667	18501.86667	18747.46667	20910.4	25392.0386	29580.50734	35469.51301	38222.93333	41267.2	45244.53333	48530.93333	56497.86667	67020	80762.4	87185.86667	63672.8	70400	74612.26667	65362.66667	64558.4	55564.26667	"Saudi Arabia"	654269739552.02	703367841222.56	31717676	34813867	20203.6688777653	1
"SDN"	230.7692308	355.3846154	205.2933568	260	310.3333333	369.3333333									97.73185932	259.9575701	429.6178974	587.2675723	388.0913174	484.607263	398.1102217	1240.766949	1164.995936	1647.839194	2427.072595	3228	3180.48301						2279.62164	2748.511976	4382.998817	1047.87872	722.2561774	934.3111538	375.2126194	"Sudan"	84985132167.22	26987563444.15	38902948	43849269	615.462105973762	0
"SEN"	70.61768827	65.13684413	64.96640053	85.47642836	99.8712305	105.2886036	99.60251781	118.215709	110.0149943	109.7728681	119.9379862	66.14673859	80.91588066	79.77488115	70.80040228	75.09085485	78.28500615	62.36165264	68.89128682	74.36139503	96.85650379	107.5536879	124.4037553	148.5551454	192.8079755	216.8702895	214.824243	195.7328929	230.1903507	196.661489	236.737916	239.8936345	214.8279652	304.7642642	305.4412616	385.1323631	356.820796	345.6374789	473.9719309	"Senegal"	17774766636.05	24493157583.23	14578450	16743930	1462.80816888449	0
"SGP"	732.9452687	918.6247117	1049.587528	1021.16266	1052.360421	1205.886445	1410.452965	1801.90121	2022.806865	2332.148536	2481.448703	2797.163882	3672.797697	4100.238291	4457.304302	4466.270315	4493.17388	4330.726931	4309.127542	4528.116431	4723.679528	5043.396461	5463.83081	5830.527462	6518.528963	7454.324103	7537.761858	8108.85142	8922.267805	9171.948019	9345.680492	9596.602344	9383.830669	9873.331564	10178.70655	10581.91569	10402.58431	9978.571429	11115.32018	"Singapore"	308004146057.61	345295933898.67	5535002	5685807	60729.4503486787	1
"SLB"																																								"Solomon Islands"	1307082934.29	1545888426.23	603133	686878	2250.60116386025	0
"SLE"	10.23693465	9.920516345	6.28170297	7.227148725	4.585444665	9.011475022	14.39491213	12.38725354	23.17974972	26.66175452	23.33913111	26.49555169	25.02330459	18.59281528	9.490749703	10.05423313	17.00042678	23.31080435	29.91113461	27.13396188	28.46793359	22.96153704	23.55213023	28.02245848	29.07687618	23.64573656	26.40556466	25.06227863	25.47618391	29.75893408	31.68493941	48.81063079	39.22651427	37.41473217	39.577826	29.6224781	27.43073677	22.37459648	27.2694027	"Sierra Leone"	4218723875.14	4063289449.59	7171909	7976985	509.376593987578	0
"SLV"	124.5262633	235.9323843	250.4335943	163.3112456	176.8917438	178.9633452	213.0296797	163.8866904	145.1271886	134.1937367	116.4700356	109.3345196	111.6362989	110.8306762	112.2117438	110.8306762	114.7437011	110.3703203	150.6514591	161.7	126.6	128	132.9	142.1	165.6	173	189.9	201	220.7	224.3	237.5	233.9	247.7	247.6	260.9	294.61	317.2	343.9	382.6	"El Salvador"	23438240000	24638720000	6325121	6486201	3798.63652082321	0
"SMR"																																								"San Marino"	1419394763.12	1544713784.68	33270	33938	45515.7576957982	1
"SOM"	83.9	89.2	44.3	34.9	28.5	49.5	8.56																								26.05	60.258	46.614	47.706	61.813	76.562	71.72	98.16	113.54	"Somalia"	5331761394.25	6965285324.52	13797204	15893219	438.255165584769	0
"SRB"														0	914.3649679	642.1222634	737.4694508	337.0806084	494.0692265	678.5116998	730.5671229	739.1720651	629.5009428	705.0627143	971.5705646	1111.631538	974.2884792	872.3396317	986.9581937	853.6226332	919.8099083	913.3685128	724.1518802	710.3977171	801.7000872	817.742206	1143.77927	1121.211783	1270.783747	"Serbia"	39655958842.55	53335016425.41	7095383	6899126	7730.69174637628	0
"STP"																																								"Sao Tome and Principe"	316066072.34	472914469.92	199439	219161	2157.84044569974	0
"SUR"																																								"Suriname"	5126291450.82	2884248048.49	559136	586634	4916.60566637801	0
"SVK"											266.8990366	299.9934191	629.6226826	641.5598711	499.5295067	397.5922157	327.1691709	342.3227689	393.9965983	440.059286	624.5084546	711.290428	823.3134554	911.3706268	1139.194488	1411.710285	1350.294439	1137.680536	1064.842811	1020.180035	967.9231079	997.7038218	985.915493	1003.048084	1049.074347	1295.988102	1802.507837	2047.190243	1983.20719	"Slovak Republic"	88636928904.64	105172564491.57	5423801	5458827	19266.5135736249	1
"SVN"										281.4227385	230.3036716	237.9495041	334.6550229	329.9726483	290.7852718	301.1398222	274.8418278	222.3915568	271.4887904	326.9595228	416.9067537	493.1538929	514.1727995	608.8337534	692.6549126	829.3844069	798.8686422	772.0851075	665.6796714	543.4964165	506.7429321	486.1948704	400.7718753	449.1775391	473.7967572	529.4961227	572.8840125	567.6507466	734.3897824	"Slovenia"	43107506024.33	53589609580.71	2063531	2102419	25489.5002284083	1
"SWE"	2629.021887	2668.524384	2795.295633	3577.484916	4182.359584	4651.754894	4880.345221	5913.117377	5878.822053	6141.834497	4752.660459	4818.836776	4653.429166	4301.745512	5085.207514	5035.805617	5080.829732	4764.337105	4283.625873	4354.573015	5305.640404	5514.710385	5518.466926	5577.203266	6386.221162	6024.791006	5062.962024	5885.9358	6324.747364	6243.671605	6528.737467	6555.518064	5386.942196	5427.549191	5526.592999	5732.822794	5839.555791	6271.285838	7887.360075	"Sweden"	505103781349.76	541487151474.56	9799186	10353442	52300.2061994996	1
"SWZ"	11.73593035	9.116913399	6.646662948	7.34126029	8.349582275	8.720150255	8.73152653	14.22321166	16.00683731	20.97643416	23.72434771	25.80404416	28.76961972	26.48656192	25.66211512	25.73133054	25.85326411	24.47106053	19.66505521	18.33844052	31.92769093	42.69554731	59.4716739	58.52057505	61.87751672	66.6578302	75.91161799	102.032175	106.6294089	90.63979527	86.04037676	81.355664	73.52745574	80.5277799	87.76282313	95.86338032	86.53228597	75.04098858	81.05670975	"Eswatini"	4063245671.29	3984840580.41	1104038	1160164	3434.7217983061	0
"SYC"			7.246651052	9.76235229	11.32140835	12.14807275	13.03642405	14.8400757	16.56170654	20.49988481	12.949843	11.88719624	11.59184119	10.54330199	11.39835347	10.54237874	11.09014746	10.32584156	11.06539605	11.69993595	12.23910886	15.92727273	14.72727273	14.36638652	15.17670339	11.1248102	8.651202434	7.157559787	8.712704951	9.924109749	13.76645132	30.90915272	18.10134878	21.92000439	22.29093526	21.56144781	23.49625512	18.81413246	22.82327028	"Seychelles"	1415998663.05	1200634489.35	93419	98462	12193.8868736162	0
"TCA"																																								"Turks and Caicos Islands"	942070000	924583000	35979	38718	23879.9266491038	1
"TCD"	39.36325991	40.04970741	37.83975088	48.80077157	34.27198648	77.89207918	56.42491724	34.34154225		35.32407477	39.20003673	22.15397916	20.03413817	24.82641061	16.61900838	16.10300499	20.95179625	21.34903424	26.19233083	34.29040385	40.94975912	50.54090122	55.49151797	222.9914514	389.1359096	611.4268487	738.9037371	615.8170075	609.7069931		726.459396	392.3829546	220.9823316	309.5674317	219.0810314	253.1741233	234.709655	322.8665265	330.9980782	"Chad"	10950392219.91	10715396135.42	14110971	16425859	652.349209585934	0
"TGO"	16.39873408	15.69261964	18.87980982	30.01103071	43.412292	43.08909242	41.86101916	50.74835179	45.90456812	49.11368685	50.14779473	25.39602489	30.85257278								28.83121129	31.71962104	33.23803529			57.00918927	55.13081709	56.83284304	59.018874	62.93104968	72.41923731	83.08001156	69.97717474	82.01969041	88.41411492	104.3789946	170.5668324	163.9268772	113.9494295	"Togo"	4180866177.04	7574636978.66	7323162	8278737	914.950792453003	0
"THA"	1583.036595	1698.837534	1629.594718	1635.667271	1698.687546	1809.003357	1939.693409	2214.017705	2598.337174	2961.769836	3156.299863	3611.133201	3849.025896	3938.047248	3264.802658	2110.239752	2056.847122	1881.009454	1724.799637	1812.993336	1891.520588	1866.937328	1984.492828	2441.917005	3522.634436	4465.994062	4799.654668	4962.419956	5512.983861	5491.915221	5901.296947	5729.778478	5724.812311	5876.294938	6320.716259	6876.114543	7286.122371	7268.823905	6604.525525	"Thailand"	401296437425	499681757030.97	68714519	69799978	7158.76668372259	0
"TJK"										1.037058642	23.49817522	14.18289153	5.803400646	13.45854484	19.05098936	22.61323032	15.12615226	10.35328116	12.46822556	25.5776682	34.78834639	45.11009894				52.4671206	47.52927432	53.75693371	71.34211679	76.26047183		104.2806892	100.6795804	84.59018363	78.30524164	81.41963528	84.29006192	80.37000974	81.7067756	"Tajikistan"	8271454300.6	8133996647.9	8454019	9537642	852.830987774546	0
"TLS"																							8.23	17.105	23.735	23.651	36.481	26.389	20.53	33.388	31.683	29.624	36.959	26.217	25.442	20.61	34.4	38.456	39.222	"Timor-Leste"	1594410900	1902156800	1196294	1318442	1442.73073825015	0
"TON"																																								"Tonga"	437006227.16	488829964.07	100780	105697	4624.82344882069	0
"TTO"											22.64487675	24.20281759							13.94544072	19.49211674	33.736557	75.88915048	97.75285893	115.5604631	124.7505148	139.0984557	138.5237102	143.0630648	146.0806952	168.7624425	211.1760259	188.8858068	202.1069055	216.27666	201.8146033	166.0085301	172.5258493	171.3019063	207.6804743	"Trinidad and Tobago"	25191551350.42	21392536137.77	1370332	1399491	15285.9404867698	1
"TUN"	383.4894743	249.4744688	215.9387223	206.7934546	194.4097835	232.9203408	234.0620296	247.8558815	260.4310307	289.6771152	276.1671349	297.0688547	342.9024584	397.4695092	358.1665778	365.8493747	357.0133954	332.3897627	335.6479068	345.4242367	407.3855611	444.6514167	468.46458	497.212664	490.6505588	578.9114873	564.7759337	571.1890457	715.2395971	681.2259506	759.3588812	908.3572876	979.4940419	987.7347052	858.9495813	844.2273671	1000.922131	1157.372367	1250.45438	"Tunisia"	45780128466.56	42514151614.28	11179951	11818618	3597.21852540458	0
"TUR"	2469.375535	2190.052307	2365.977436	2769.409588	2889.593497	2663.90129	3373.741563	5315.413395	5670.66652	6157.947273	7075.08694	5293.173966	6606.245815	7512.090796	7791.986304	8781.048158	9951.788874	9993.730197	7216.051045	9050.377182	10277.90178	10920.77388	12081.15631	13036.5081	14987.75836	16809.5765	16047.5109	17650.46412	17006.47781	17694.32071	18427.6462	17576.53847	15668.75	17827.70215	17822.73826	19648.69382	20436.91712	17478.41369	15478.85094	"Turkiye"	864316670330.88	719954821683.31	78529413	84339067	8536.43331960632	0
"TUV"																																								"Tuvalu"	36811659.53	55054710.62	11099	11792	4668.81874321574	0
"TZA"	332.9504254	293.0252024	345.9762023	260.7040186	161.6080821	124.8336977	105.3167523	87.15445821	108.1416519	96.90703642	58.72570162	58.37556977	85.51365609	101.0384895	118.6038077	134.2769581	128.4979436	135.0559526	150.7281963	140.7535618	125.2547139	127.5678628	139.4935913	147.4179248	166.2155433	194.0003009	219.4768653	282.7250988	307.4739842	359.7394188	443.3799455	507.285799	517.0757618	544.2182979	562.6971196	599.9682751	618.9434456	659.3130342	742.3418442	"Tanzania"	47378599025.3	62409709110.95	51482638	59734213	1044.79001189737	0
"UGA"	93.72359647	75.21503912	104.818309	131.0714286	130.9717492	140.904123	139.8212397	107.0062142	73.56159998	52.33134597	62.63665043	104.1278479	127.0026225	135.3935645	139.6159777	154.7125315	159.7045703	141.3030259	136.1573425	142.1915941	152.3799218	196.0158537	216.6670411	218.5339485	252.1192464	311.8562693	293.5276707	608.6858686	607.1350709	351.838247	300.0755734	325.6630272	306.1446954	318.5516793	346.7628838	408.3675667	647.6066069	984.7597317	1066.564383	"Uganda"	32387183844.67	37600368180.94	38225447	45741000	822.027681531667	0
"UKR"											123.4109211	683.5860452	779.256926	1009.58201	1449.673947	912.2120888	620.8055316	696.40438	741.7128306	872.3918733	1104.808267	1322.215078	2072.348602	2572.869213	3528.766629	4144.743447	2320.408613	2587.448221	2502.296575	2835.905353	2895.001889	2997.189214	2959.581345	2943.807592	3246.786567	4169.707536	5419.138048	5924.20088	5942.781068	"Ukraine"	91030959454.7	156617861448.58	45154036	44132049	3548.84635990004	0
"URY"	274.6117909	221.8512773	203.6458539	242.3498026	223.9249386	259.9670299	297.8212364	328.351062	268.6280146	366.9651978	418.919639	450.443306	523.8620255	575.6520147	575.2062895	573.2484076	574.2858907	555.9687924	523.0083114	344.2630663	269.5267772	279.3019715	347.3237849	392.7986907	416.0453325	567.7039328	577.0560085	755.6594697	824.8335422	924.6403356	1045.084368	1034.499447	969.9068455	988.2236296	1165.710349	1271.117731	1154.916149	1091.53536	1257.92438	"Uruguay"	53274304222.14	53560755046.57	3412013	3473727	15418.8153089088	1
"USA"	223427.165	245149.1683	272163.2293	295546.2238	304086.6487	309661.2693	321866.5588	325129.314	299372.7791	325033.736	316719.4437	308084	295853.0977	287960.6687	293167.8258	290996.0551	298094.8913	320086.3242	331805.6106	378463.1388	440532.0696	492999.3762	533203	558335	589586	656756	705917	738005	752288	725205	679229	647789	633829.639	639856.443	646752.927	682491.4	734344.1	778397.2	800672.2	"United States"	18206020741000	20893743833000	320738994	331501080	63027.6795267153	1
"UZB"												86.92982456	112.6784215	172.2115457	217.7471907		250.071736	115.3753846	59.76061047	45.91443299	54.13369546															1440.385072				"Uzbekistan"	86196265191.66	59894305352.9	31298900	34232050	1749.65581532219	0
"VCT"																																								"St. Vincent and the Grenadines"	786554580.8	872134546.8	109135	110947	7860.82135434036	0
"VIR"																																								"Virgin Islands (U.S.)"	3.663e+09	4.204e+09	107712	106290	39552.1685953523	1
"VNM"					1315.597882	1305.814502	458.5624839	511.9701364	427.6178141	332.9703094	297.71638	431.3450122									841.9301594	915.0895466	1026.426801	1286.528867	1784.217422	2137.625597	2401.450914	2672.286425	2686.52059	3360.86038	3727.249276	4255.721581	4562.632501	5017.401787	5073.853534	5500				"Vietnam"	239257234710.76	343242570827.35	92677082	97338583	3526.27457939623	0
"VUT"																																								"Vanuatu"	730870581.67	896827873.11	271128	307150	2919.83679996744	0
"WSM"																																								"Samoa"	788307314.85	807147527.62	193510	198410	4068.07886507737	0
"XKX"																																								"Kosovo"	6295820481.53	7716925356.13	1788196	1790133	4310.81118337576	0
"YEM"								807.0707155	1028.217917	1306.900026	1535.457656	2353.269332	805.8923779	416.0086324	397.0730424	384.5027303	395.2529573	473.6640325	540.1014988	737.366548	807.3132441	735.4851279	815.627464	822.1305361	1050.499364	1196.411766	1420.775264	1448.153377	1612.254443	1618.840127	1648.750524	1714.830844								"Yemen, Rep."	42444495590.11	18840511908.25	26497881	29825968	631.681490044179	0
"ZAF"	3052.688269	2770.152107	2117.406345	2497.88843	3595.968625	4263.086823	4181.886467	4364.458204	3874.415135	3677.406461	3254.313379	3478.582291	3292.446562	2591.787131	2414.13771	1905.656009	1738.036625	1891.725013	1802.262236	1766.082898	2574.176278	3099.065125	3566.963815	3506.139658	3525.684244	3285.925081	3592.687702	4188.168092	4594.154078	4489.590096	4118.208483	3892.485091	3488.867948	3139.312128	3591.507613	3622.918743	3435.429788	3231.017731	3265.555631	"South Africa"	346709790458.56	335442101366.42	55386369	59308690	5655.86765390401	0
"ZMB"																																								"Zambia"	21251216798.78	18110631358.31	15879370	18383956	985.132436038794	0
"ZWE"	431.75	360.65	309.3	342.2	392.6	407.05	408.6	416.3	376.05	296.35	249.8	247.9	262.9	291.65	311.4		263.4	346.3	286.7	677	194.8	256.1	131.4	161.7				98.293	198.438	318.272	356.7	368.1	376.677	358.065	340.522	420.364	546.939	8.622459834	65.80055402	"Zimbabwe"	19963120600	18051170798.94	13814642	14862927	1214.50982023527	0
