"iso3"	"milex_usd_2021"	"country_name"	"gdp_2015"	"gdp_2020"	"population_2015"	"population_2020"	"gdppc_2020"	"high_income_2020"
"ABW"		"Aruba"	2963128491.62	2496648044.69	104339	106766	23384.2987907199	1
"AFG"	278.250788	"Afghanistan"	19134211763.86	20116137325.82	34413603	38928341	516.747870807544	0
"AGO"	981.4510119	"Angola"	87219290028.73	53619071176.14	27884380	32866268	1631.43169087954	0
"ALB"	236.4217561	"Albania"	11386850129.84	15131866270.59	2880703	2837849	5332.16047456718	0
"AND"		"Andorra"	2789881258.5	2891001149.36	77993	77265	37416.6977203132	1
"ARE"		"United Arab Emirates"	358134944420.5	358868765174.92	9262896	9890400	36284.5552429548	1
"ARG"	2591.642985	"Argentina"	594749285413.21	389591035520.68	43131966	45376763	8585.69474249805	0
"ARM"	619.4354717	"Armenia"	10553337672.99	12641209802.11	2925559	2963234	4266.01807420879	0
"ASM"		"American Samoa"	6.73e+08	7.09e+08	55806	55197	12844.9009909959	1
"ATG"		"Antigua and Barbuda"	1336692592.59	1370281481.48	93571	97928	13992.7444804346	1
"AUS"	31753.71622	"Australia"	1350534154255.76	1327836171068.51	23815995	25693267	51680.3165229439	1
"AUT"	3825.331126	"Austria"	381971148530.54	433258467676.52	8642699	8916864	48588.6593847927	1
"AZE"	2703.176471	"Azerbaijan"	53074370486.04	4.2693e+10	9649341	10093121	4229.91064904503	0
"BDI"	68.37639714	"Burundi"	3104003611.43	2780510624.64	10160034	11890781	233.837510306514	0
"BEL"	6311.494797	"Belgium"	462335574841.48	521676942134.63	11274196	11544241	45189.3669003125	1
"BEN"	97.42448881	"Benin"	11388160958.25	15651545331.54	10575962	12123198	1291.04097215438	0
"BFA"	458.2790984	"Burkina Faso"	11832159275.6	17933606353.18	18110616	20903278	857.932729650345	0
"BGD"	4882.596685	"Bangladesh"	195078678697.23	373902134700.41	156256287	164689383	2270.34753479166	0
"BGR"	1216.592091	"Bulgaria"	50781996712.76	69889347433.43	7177991	6934015	10079.20338122	0
"BHR"	1381.382979	"Bahrain"	31050638297.87	34723357446.81	1371853	1701583	20406.5023256638	1
"BHS"		"Bahamas, The"	11861900000	9699500000	374200	393248	24665.0968345675	1
"BIH"	192.2007255	"Bosnia and Herzegovina"	16219819343.52	19955120004.66	3429362	3280815	6082.36673041912	0
"BLR"	762.7762241	"Belarus"	56454734396.58	61489588894.82	9461076	9379952	6555.42681826304	0
"BLZ"	21.81705	"Belize"	1734320479.14	1585631670.35	360926	397621	3987.79659613049	0
"BMU"		"Bermuda"	6654541000	6881662000	65237	63893	107706.039785266	1
"BOL"	625.3367645	"Bolivia"	33000198248.91	36629843806.08	10869732	11673029	3137.98961744034	0
"BRA"	19187.12248	"Brazil"	1802211999538.68	1448565936739.56	204471759	212559409	6814.87563196772	0
"BRB"		"Barbados"	4724691212.51	4689534961.76	285327	287371	16318.7481052716	1
"BRN"	453.3377986	"Brunei Darussalam"	12930394937.81	12005825769.51	414914	437483	27442.953827943	1
"BTN"		"Bhutan"	2003598212.99	2315436303.3	727885	771612	3000.77798595667	0
"BWA"	517.8465684	"Botswana"	13578754072.47	14930072799.01	2120716	2351625	6348.83231765694	0
"CAF"	43.19741259	"Central African Republic"	1695825708.46	2326720920.59	4493171	4829764	481.746296628572	0
"CAN"	26449.16268	"Canada"	1556508816217.14	1645423407568.36	35702908	38037204	43258.2638715601	1
"CHE"	5738.402626	"Switzerland"	702149580770.9	752248045730.11	8282396	8636561	87100.4148213751	1
"CHI"		"Channel Islands"			165387	173859		
"CHL"	6230.436399	"Chile"	242496649874.24	252727193710.02	17969356	19116209	13220.570758042	1
"CHN"	293351.8664	"China"	11061553079871.5	14687673892882	1379860000	1411100000	10408.6697561349	0
"CIV"	637.6569128	"Cote dIvoire"	45814637971.47	61348579465.1	23226148	26378275	2325.72370502241	0
"CMR"	443.336832	"Cameroon"	32210232911.66	40804449726.02	23298376	26545864	1537.1302183278	0
"COD"	306.0787826	"Congo, Dem. Rep."	37917704900.08	48716960860.07	76244532	89561404	543.950392515843	0
"COG"		"Congo, Rep."	11890259176.68	10483151093.69	4856093	5518092	1899.77823742156	0
"COL"	10180.13429	"Colombia"	293481748240.78	270299982887.01	47520667	50882884	5312.19855554984	0
"COM"		"Comoros"	966029542.04	1223876064.52	777435	869595	1407.40927043049	0
"COR"	313.0558315							
"CPV"	11.21372343	"Cabo Verde"	1596800287.16	1703698676.7	524740	555988	3064.27238843284	0
"CRI"	0	"Costa Rica"	56441917652.98	62158002233.03	4847805	5094114	12201.926033267	0
"CSK"								
"CUB"		"Cuba"	8.7133e+10	1.07352e+11	11324777	11326616	9477.85287326771	0
"CUW"		"Curacao"	3042737430.17	2496174735.65	157980	154947	16109.8616665699	1
"CYM"		"Cayman Islands"	4708336756.09	5608989195.53	61721	65720	85346.761952678	1
"CYP"	517.5023652	"Cyprus"	19842404304.89	24692095945.17	1160987	1207361	20451.2949690855	1
"CZE"	3935.630965	"Czechia"	188033050459.88	245339322066.76	10546059	10697858	22933.4995909237	1
"DDR"								
"DEU"	56017.02933	"Germany"	3357585719351.56	3846413928653.71	81686611	83160871	46252.6893044892	1
"DJI"		"Djibouti"	2424391785.44	3181071153.66	913998	988002	3219.70112779124	0
"DMA"		"Dominica"	540737037.04	504214814.81	71175	71991	7003.85902140545	0
"DNK"	5391.221374	"Denmark"	302673070846.86	356084867685.64	5683483	5831404	61063.316430424	1
"DOM"	581.6194247	"Dominican Republic"	71164825256.68	78844702329.08	10281675	10847904	7268.19690965923	0
"DZA"	9112.461105	"Algeria"	165979279263.17	145009181490.62	39728020	43851043	3306.85820838104	0
"ECU"	2417	"Ecuador"	99290381000	99291124000	16212022	17643060	5627.77227986528	0
"EGY"	5165.445627	"Egypt, Arab Rep."	329366576819.41	365252651278.85	92442549	102334403	3569.20684121106	0
"ERI"		"Eritrea"						
"ESP"	19544.46547	"Spain"	1195599995808.59	1281484640043.58	46444832	47363419	27056.4217512165	1
"EST"	763.9545885	"Estonia"	22890762090.15	30650285471.72	1315407	1329479	23054.3584905967	1
"ETH"	487.8486101	"Ethiopia"	64589334978.8	107657734392.45	100835453	114963583	936.450757562506	0
"FIN"	5903.500473	"Finland"	234534382384.77	271836962949.42	5479531	5529543	49160.8371522601	1
"FJI"	70.47624799	"Fiji"	4682546863.08	4574413823.31	868632	896444	5102.84392924711	0
"FRA"	56646.99622	"France"	2439188643162.5	2630317731455.26	66548272	67379908	39037.1226309074	1
"FRO"		"Faroe Islands"	2561824640.68	3240759988.99	48055	48865	66320.6791975852	1
"FSM"		"Micronesia, Fed. Sts."	316489900	407515927.98	108886	115021	3542.96978795177	0
"GAB"	311.4549286	"Gabon"	14383107714.04	15316824039.33	1947690	2225728	6881.71422533661	0
"GBR"	68366.44055	"United Kingdom"	2956573778737.76	2756900214107.32	65116219	67081000	41098.0786527828	1
"GEO"	302.1441889	"Georgia"	14953950557.44	15842922532.72	3725276	3722716	4255.74299321248	0
"GHA"	298.3454331	"Ghana"	49406568432.67	70043199813.69	27849203	31072945	2254.15388897608	0
"GIB"		"Gibraltar"			33742	33691		
"GIN"	244.5585904	"Guinea"	8794202443.67	14169626010.12	11432096	13132792	1078.95000622259	0
"GMB"	14.70639281	"Gambia, The"	1378176868.32	1830412999.96	2085860	2416664	757.413111611709	0
"GNB"	26.33935895	"Guinea-Bissau"	1048229629.42	1431758242.9	1737207	1967998	727.520171717654	0
"GNQ"	170.1806604	"Equatorial Guinea"	13185496836.41	10099157269.8	1168575	1402985	7198.3358837051	0
"GRC"	8079.943236	"Greece"	195683527003.38	188835201625.91	10820883	10700556	17647.2326882743	1
"GRD"		"Grenada"	997007925.93	1043411111.11	109603	112519	9273.19929176406	0
"GRL"		"Greenland"	2499115623	3075968328.7	56114	56367	54570.3750190714	1
"GTM"	341.7808219	"Guatemala"	62186186575.74	77604632620.65	15567419	16858333	4603.33964340662	0
"GUM"		"Guam"	5.799e+09	5.844e+09	161851	168783	34624.3401290414	1
"GUY"	70.70365165	"Guyana"	4279840193.7	5471256594.72	767433	786559	6955.93921717252	0
"HKG"		"Hong Kong SAR, China"	309383627028.56	344881400505.34	7291300	7481000	46100.9758729234	1
"HND"	438.108692	"Honduras"	20979767785.21	23827840809.7	9112904	9904608	2405.73284775127	0
"HRV"	1739.751845	"Croatia"	50163192883.15	57203783203.03	4203604	4047680	14132.486560951	1
"HTI"	20.9120674	"Haiti"	14833154471.75	14508218017.4	10695540	11402533	1272.36799204177	0
"HUN"	2777.132531	"Hungary"	125210324613.14	156743134665.96	9843028	9750149	16075.9732662506	1
"IDN"	8259.275725	"Indonesia"	860854235065.08	1058688935454.78	258383257	273523621	3870.55761979248	0
"IMN"		"Isle of Man"	7085288006.11		83232	85032		
"IND"	76598.03118	"India"	2103587813812.75	2667687951796.56	1310152392	1380004385	1933.1010689481	0
"IRL"	1267.738884	"Ireland"	291580037584.33	425888950992	4701957	4985674	85422.542868226	1
"IRN"	24589.09155	"Iran, Islamic Rep."	408212918053.94	231547571240.47	78492208	83992953	2756.74997687568	0
"IRQ"	4728.165568	"Iraq"	166774109673.73	184369797315.44	35572269	40222503	4583.74749367139	0
"ISL"	0	"Iceland"	17517210519.09	21718075725.21	330815	366463	59264.0340913271	1
"ISR"	24340.97954	"Israel"	300078278118.43	407100736594.06	8380100	9215100	44177.571224844	1
"ITA"	32006.13765	"Italy"	1836637711060.55	1892574064222.11	60730582	59449527	31834.9726184047	1
"JAM"	209.8170122	"Jamaica"	14188935947.57	13812425036.59	2891024	2961161	4664.53024222256	0
"JOR"	2176.760563	"Jordan"	38587017887.32	43697659295.77	9266573	10203140	4282.76582461576	0
"JPN"	54123.5517	"Japan"	4444930651964.18	5040107754084.11	127141000	126261000	39918.1675583443	1
"KAZ"	1617.793375	"Kazakhstan"	184388432148.72	171082379532.99	17542806	18755666	9121.63713797153	0
"KEN"	1113.287247	"Kenya"	70120413328.78	100666542665.72	47878339	53771300	1872.1240264922	0
"KGZ"	124.8522012	"Kyrgyz Republic"	6678178340.45	7780874536.66	5956900	6579900	1182.5217004301	0
"KHM"	643.3795077	"Cambodia"	18049954289.42	25872798012.19	15521435	16718971	1547.51138764401	0
"KIR"		"Kiribati"	170291001.98	180911843.64	110927	119446	1514.59105905597	0
"KNA"		"St. Kitts and Nevis"	958407222.22	980905888.89	51204	53192	18440.8536789367	1
"KOR"	50226.94887	"Korea, Rep."	1465773245547.15	1637895802792.9	51014947	51836239	31597.5046490719	1
"KWT"	9024.335548	"Kuwait"	114567298105.68	105960225688.15	3835588	4270563	24811.7697100242	1
"LAO"		"Lao PDR"	14426381187.09	18981800705.08	6741160	7275556	2608.98283307558	0
"LBN"		"Lebanon"	49929337837.08	25948915861.2	6532681	6825442	3801.79274268245	0
"LBR"	14.0485	"Liberia"	3227075700	3039982540	4472229	5057677	601.063005802862	0
"LBY"		"Libya"	48717854039.97	52320215472.09	6418315	6871287	7614.32544908836	0
"LCA"		"St. Lucia"	1808079888.89	1616772748.15	179131	183629	8804.56108866247	0
"LIE"		"Liechtenstein"	6268391521.2		37465	38137		
"LKA"	1563.052164	"Sri Lanka"	80604080688.58	80969683537.45	20970000	21919000	3694.04094791961	0
"LSO"	37.04405495	"Lesotho"	2359759799.04	2250717718.47	2059011	2142252	1050.63163365935	0
"LTU"	1240.539262	"Lithuania"	41435533340.39	56546957475.49	2904910	2794885	20232.3020358584	1
"LUX"	460.0283822	"Luxembourg"	60071584216.14	73353132793.71	569604	630419	116356.158037289	1
"LVA"	826.6319773	"Latvia"	27263090547.06	33645460617.24	1977527	1900449	17703.9534432337	1
"MAC"		"Macao SAR, China"	45047964934.25	25586111076.34	602093	649342	39403.1359073339	1
"MAF"		"St. Martin (French part)"			35865	38659		
"MAR"	5378.366535	"Morocco"	101179808076.36	114725065285.15	34663608	36910558	3108.19102992564	0
"MCO"		"Monaco"	6261622101.41	6816219303.26	37723	39244	173688.189360412	1
"MDA"	52.29326318	"Moldova"	7745241912.95	11859730543.55	2834530	2620495	4525.75965363414	0
"MDG"	99.18592003	"Madagascar"	11323020828.58	13225591803.62	24234080	27691019	477.613041384284	0
"MDV"		"Maldives"	4109424799.72	3742769967.43	454914	540542	6924.10574465999	0
"MEX"	8680.832593	"Mexico"	1171867608197.72	1087117783073.31	121858251	128932753	8431.66501744758	0
"MHL"		"Marshall Islands"	183814300	244462400	57444	59194	4129.850998412	0
"MKD"	214.5889468	"North Macedonia"	10064515432.03	12116981815.23	2070226	2072531	5846.4658985704	0
"MLI"	558.3792497	"Mali"	13104764378.71	17465392779.04	17438772	20250834	862.453012011258	0
"MLT"	84.9089404	"Malta"	11091434483.52	14917038504.29	445053	515332	28946.4626770509	1
"MMR"	2107.821055	"Myanmar"	63045305229.1	78930257227.09	52680724	54409794	1450.6626734718	0
"MNE"	98.628193	"Montenegro"	4054728172.94	4780722121.96	622159	621306	7694.63375850225	0
"MNG"	108.2620992	"Mongolia"	11619892396.08	13312981594.57	2998433	3278292	4060.95051769946	0
"MNP"		"Northern Mariana Islands"	9.1e+08		55779	57557		
"MOZ"	248.4753762	"Mozambique"	15950979333.16	14028811071.76	27042001	31255435	448.843891366733	0
"MRT"	230.9354929	"Mauritania"	6166863960	7915985513.7	4046304	4649660	1702.48695898195	0
"MUS"	19.73797834	"Mauritius"	11692287066.38	10926820603.4	1262605	1265740	8632.75285872296	0
"MWI"	83.29061827	"Malawi"	6373212640.85	12172128469.57	16745305	19129955	636.286309589855	0
"MYS"	3830.234243	"Malaysia"	301354803994.37	337006023789.7	30270965	32365998	10412.34766775	0
"NAM"	401.8593084	"Namibia"	11335179562.02	10562637375.59	2314901	2540916	4157.01950618989	0
"NCL"		"New Caledonia"	8738205836.74	9435529927.25	268700	271960	34694.5504017135	1
"NER"	202.4044772	"Niger"	9683867893.68	13741378450.14	20001663	24206636	567.669892261775	0
"NGA"	4466.397816	"Nigeria"	486803295097.89	432293776262.4	181137454	206139587	2097.09247289023	0
"NIC"	77.9196503	"Nicaragua"	12756706583.31	12586941392.63	6223234	6624554	1900.04359427518	0
"NLD"	13752.01041	"Netherlands"	765572770634.38	913865395789.89	16939923	17441500	52396.0322099527	1
"NOR"	8251.716513	"Norway"	385801550067.17	362198318435.26	5188607	5379475	67329.6777910967	1
"NPL"	445.1996129	"Nepal"	24360795410.64	33433670511.94	27015033	29136808	1147.47197125849	0
"NRU"		"Nauru"	86529661.37	114626625.55	10374	10834	10580.2681881115	0
"NZL"	3389.851485	"New Zealand"	178064471137.92	211734532308.01	4609400	5090200	41596.5055023398	1
"OMN"	5783.615085	"Oman"	78710793237.97	73971391417.43	4267341	5106622	14485.3861157983	1
"PAK"	11304.82985	"Pakistan"	270556131701.17	300306331697.67	199426953	220892331	1359.51452156875	0
"PAN"	0	"Panama"	54091713800	53977037000	3968490	4314768	12509.8352912602	0
"PER"	2360.613146	"Peru"	189805300841.6	201705055938.65	30470739	32971846	6117.49357129261	0
"PHL"	4090.523773	"Philippines"	306446140628.71	361751116292.54	102113206	109581085	3301.21860257671	0
"PLW"		"Palau"	280457700	257700000	17665	18092	14243.8646915764	1
"PNG"	88.72420808	"Papua New Guinea"	21723531173.24	24667052023.12	8107772	8947027	2757.01101864563	0
"POL"	13710.67911	"Poland"	477811911394.08	596624355719.67	37986412	37899070	15742.4537256368	1
"PRI"		"Puerto Rico"	103375500000	103138300000	3473232	3281538	31429.8661176558	1
"PRK"		"Korea, Dem. Peoples Rep."			25183832	25778815		
"PRT"	4908.940397	"Portugal"	199394066525.44	228539245045.34	10358076	10297081	22194.5661149349	1
"PRY"	372.6013693	"Paraguay"	36211372702.81	35432178068.18	6688746	7132530	4967.6872117159	0
"PSE"		"West Bank and Gaza"	13972400000	15531700000	4270092	4803269	3233.56863835858	0
"PYF"		"French Polynesia"	5325848045.43	5669368717.21	273119	280904	20182.5845029263	1
"QAT"	11593.40659	"Qatar"	161739955577.75	144411363345.27	2565708	2881060	50124.3859361728	1
"ROU"	5563.282002	"Romania"	177729210874.5	249511333647.5	19815616	19257520	12956.5662477567	1
"RUS"	65907.70505	"Russian Federation"	1363481063446.77	1488321875489.74	144096870	144073139	10330.3217089602	0
"RWA"	164.0160578	"Rwanda"	8539424910.08	10184345442.17	11369066	12952209	786.301814784644	0
"SAU"	55564.26667	"Saudi Arabia"	654269739552.02	703367841222.56	31717676	34813867	20203.6688777653	1
"SDN"	375.2126194	"Sudan"	84985132167.22	26987563444.15	38902948	43849269	615.462105973762	0
"SEN"	473.9719309	"Senegal"	17774766636.05	24493157583.23	14578450	16743930	1462.80816888449	0
"SGP"	11115.32018	"Singapore"	308004146057.61	345295933898.67	5535002	5685807	60729.4503486787	1
"SLB"		"Solomon Islands"	1307082934.29	1545888426.23	603133	686878	2250.60116386025	0
"SLE"	27.2694027	"Sierra Leone"	4218723875.14	4063289449.59	7171909	7976985	509.376593987578	0
"SLV"	382.6	"El Salvador"	23438240000	24638720000	6325121	6486201	3798.63652082321	0
"SMR"		"San Marino"	1419394763.12	1544713784.68	33270	33938	45515.7576957982	1
"SOM"	113.54	"Somalia"	5331761394.25	6965285324.52	13797204	15893219	438.255165584769	0
"SRB"	1270.783747	"Serbia"	39655958842.55	53335016425.41	7095383	6899126	7730.69174637628	0
"SSD"	170.3763381	"South Sudan"	11997800760.22		10715657	11193729		
"STP"		"Sao Tome and Principe"	316066072.34	472914469.92	199439	219161	2157.84044569974	0
"SUN"								
"SUR"		"Suriname"	5126291450.82	2884248048.49	559136	586634	4916.60566637801	0
"SVK"	1983.20719	"Slovak Republic"	88636928904.64	105172564491.57	5423801	5458827	19266.5135736249	1
"SVN"	734.3897824	"Slovenia"	43107506024.33	53589609580.71	2063531	2102419	25489.5002284083	1
"SWE"	7887.360075	"Sweden"	505103781349.76	541487151474.56	9799186	10353442	52300.2061994996	1
"SWZ"	81.05670975	"Eswatini"	4063245671.29	3984840580.41	1104038	1160164	3434.7217983061	0
"SXM"		"Sint Maarten (Dutch part)"	1253072625.7		38825	42310		
"SYC"	22.82327028	"Seychelles"	1415998663.05	1200634489.35	93419	98462	12193.8868736162	0
"SYR"		"Syrian Arab Republic"	17622064891.81		17997411	17500657		
"TCA"		"Turks and Caicos Islands"	942070000	924583000	35979	38718	23879.9266491038	1
"TCD"	330.9980782	"Chad"	10950392219.91	10715396135.42	14110971	16425859	652.349209585934	0
"TGO"	113.9494295	"Togo"	4180866177.04	7574636978.66	7323162	8278737	914.950792453003	0
"THA"	6604.525525	"Thailand"	401296437425	499681757030.97	68714519	69799978	7158.76668372259	0
"TJK"	81.7067756	"Tajikistan"	8271454300.6	8133996647.9	8454019	9537642	852.830987774546	0
"TKM"		"Turkmenistan"	35799714285.71		5565283	6031187		
"TLS"	39.222	"Timor-Leste"	1594410900	1902156800	1196294	1318442	1442.73073825015	0
"TON"		"Tonga"	437006227.16	488829964.07	100780	105697	4624.82344882069	0
"TTO"	207.6804743	"Trinidad and Tobago"	25191551350.42	21392536137.77	1370332	1399491	15285.9404867698	1
"TUN"	1250.45438	"Tunisia"	45780128466.56	42514151614.28	11179951	11818618	3597.21852540458	0
"TUR"	15478.85094	"Turkiye"	864316670330.88	719954821683.31	78529413	84339067	8536.43331960632	0
"TUV"		"Tuvalu"	36811659.53	55054710.62	11099	11792	4668.81874321574	0
"TWN"	12958.45272							
"TZA"	742.3418442	"Tanzania"	47378599025.3	62409709110.95	51482638	59734213	1044.79001189737	0
"UGA"	1066.564383	"Uganda"	32387183844.67	37600368180.94	38225447	45741000	822.027681531667	0
"UKR"	5942.781068	"Ukraine"	91030959454.7	156617861448.58	45154036	44132049	3548.84635990004	0
"UNK"	79.60974456							
"URY"	1257.92438	"Uruguay"	53274304222.14	53560755046.57	3412013	3473727	15418.8153089088	1
"USA"	800672.2	"United States"	18206020741000	20893743833000	320738994	331501080	63027.6795267153	1
"UZB"		"Uzbekistan"	86196265191.66	59894305352.9	31298900	34232050	1749.65581532219	0
"VCT"		"St. Vincent and the Grenadines"	786554580.8	872134546.8	109135	110947	7860.82135434036	0
"VEN"		"Venezuela, RB"			30081827	28435943		
"VGB"		"British Virgin Islands"			29148	30237		
"VIR"		"Virgin Islands (U.S.)"	3.663e+09	4.204e+09	107712	106290	39552.1685953523	1
"VNM"		"Vietnam"	239257234710.76	343242570827.35	92677082	97338583	3526.27457939623	0
"VUT"		"Vanuatu"	730870581.67	896827873.11	271128	307150	2919.83679996744	0
"WSM"		"Samoa"	788307314.85	807147527.62	193510	198410	4068.07886507737	0
"XKX"		"Kosovo"	6295820481.53	7716925356.13	1788196	1790133	4310.81118337576	0
"YEM"		"Yemen, Rep."	42444495590.11	18840511908.25	26497881	29825968	631.681490044179	0
"YUG"								
"ZAF"	3265.555631	"South Africa"	346709790458.56	335442101366.42	55386369	59308690	5655.86765390401	0
"ZAM"	282.5779959							
"ZMB"		"Zambia"	21251216798.78	18110631358.31	15879370	18383956	985.132436038794	0
"ZWE"	65.80055402	"Zimbabwe"	19963120600	18051170798.94	13814642	14862927	1214.50982023527	0
